0.00738706	61.3065	0.730766
0.00738706	61.8794	0.719554
0.00738706	62.4524	0.707945
0.00738706	63.0254	0.695932
0.00738706	63.5983	0.683509
0.00738706	64.1713	0.670673
0.00738706	64.7442	0.657418
0.00738706	65.3172	0.643741
0.00738706	65.8901	0.629642
0.00738706	66.4631	0.615119
0.00738706	67.0361	0.600173
0.00738706	67.609	0.584808
0.00738706	68.182	0.569028
0.00738706	68.7549	0.55284
0.00738706	69.3279	0.536252
0.00738706	69.9009	0.519277
0.00738706	70.4738	0.501927
0.00738706	71.0468	0.48422
0.00738706	71.6197	0.466175
0.00738706	72.1927	0.447815
0.00738706	72.7656	0.429167
0.00738706	73.3386	0.410259
0.00738706	73.9116	0.391126
0.00738706	74.4845	0.371804
0.00738706	75.0575	0.352334
0.00738706	75.6304	0.332762
0.00738706	76.2034	0.313136
0.00738706	76.7763	0.293509
0.00738706	77.3493	0.273938
0.00738706	77.9223	0.254485
0.00738706	78.4952	0.235212
0.00738706	79.0682	0.216188
0.00738706	79.6411	0.197485
0.00738706	80.2141	0.179174
0.00738706	80.787	0.161333
0.00738706	81.36	0.144038
0.00738706	81.933	0.127369
0.00738706	82.5059	0.111405
0.00738706	83.0789	0.0962244
0.00738706	83.6518	0.0819052
0.00738706	84.2248	0.0685236
0.00738706	84.7978	0.0561529
0.00738706	85.3707	0.044863
0.00738706	85.9437	0.0347193
0.00738706	86.5166	0.0257818
0.00738706	87.0896	0.0181046
0.00738706	87.6625	0.011735
0.00738706	88.2355	0.00671272
0.00738706	88.8085	0.00306954
0.00738706	89.3814	0.000828684
0.00738706	89.9544	4.51118e-06

0.0147741	61.3065	0.417359
0.0147741	61.8794	0.389645
0.0147741	62.4524	0.362962
0.0147741	63.0254	0.337397
0.0147741	63.5983	0.313012
0.0147741	64.1713	0.289849
0.0147741	64.7442	0.267932
0.0147741	65.3172	0.247265
0.0147741	65.8901	0.227838
0.0147741	66.4631	0.209631
0.0147741	67.0361	0.19261
0.0147741	67.609	0.176736
0.0147741	68.182	0.161964
0.0147741	68.7549	0.148241
0.0147741	69.3279	0.135516
0.0147741	69.9009	0.123733
0.0147741	70.4738	0.112836
0.0147741	71.0468	0.102773
0.0147741	71.6197	0.0934869
0.0147741	72.1927	0.0849275
0.0147741	72.7656	0.0770441
0.0147741	73.3386	0.0697888
0.0147741	73.9116	0.0631162
0.0147741	74.4845	0.0569833
0.0147741	75.0575	0.0513501
0.0147741	75.6304	0.0461789
0.0147741	76.2034	0.0414347
0.0147741	76.7763	0.037085
0.0147741	77.3493	0.0330997
0.0147741	77.9223	0.0294509
0.0147741	78.4952	0.0261131
0.0147741	79.0682	0.0230627
0.0147741	79.6411	0.0202783
0.0147741	80.2141	0.01774
0.0147741	80.787	0.0154298
0.0147741	81.36	0.0133314
0.0147741	81.933	0.0114299
0.0147741	82.5059	0.00971174
0.0147741	83.0789	0.00816479
0.0147741	83.6518	0.00677811
0.0147741	84.2248	0.0055419
0.0147741	84.7978	0.00444745
0.0147741	85.3707	0.00348705
0.0147741	85.9437	0.00265396
0.0147741	86.5166	0.00194233
0.0147741	87.0896	0.00134719
0.0147741	87.6625	0.00086438
0.0147741	88.2355	0.000490523
0.0147741	88.8085	0.000223017
0.0147741	89.3814	5.99958e-05
0.0147741	89.9544	3.26182e-07

0.0221612	61.3065	0.261602
0.0221612	61.8794	0.221749
0.0221612	62.4524	0.187731
0.0221612	63.0254	0.158883
0.0221612	63.5983	0.134525
0.0221612	64.1713	0.114012
0.0221612	64.7442	0.0967588
0.0221612	65.3172	0.0822511
0.0221612	65.8901	0.0700457
0.0221612	66.4631	0.0597658
0.0221612	67.0361	0.0510943
0.0221612	67.609	0.0437664
0.0221612	68.182	0.0375611
0.0221612	68.7549	0.032295
0.0221612	69.3279	0.027816
0.0221612	69.9009	0.0239975
0.0221612	70.4738	0.0207346
0.0221612	71.0468	0.0179401
0.0221612	71.6197	0.0155414
0.0221612	72.1927	0.0134777
0.0221612	72.7656	0.0116986
0.0221612	73.3386	0.0101614
0.0221612	73.9116	0.00883072
0.0221612	74.4845	0.00767652
0.0221612	75.0575	0.00667355
0.0221612	75.6304	0.00580048
0.0221612	76.2034	0.00503922
0.0221612	76.7763	0.00437444
0.0221612	77.3493	0.00379309
0.0221612	77.9223	0.00328406
0.0221612	78.4952	0.00283784
0.0221612	79.0682	0.0024463
0.0221612	79.6411	0.0021025
0.0221612	80.2141	0.00180045
0.0221612	80.787	0.00153502
0.0221612	81.36	0.00130179
0.0221612	81.933	0.00109697
0.0221612	82.5059	0.000917277
0.0221612	83.0789	0.00075989
0.0221612	83.6518	0.000622384
0.0221612	84.2248	0.000502674
0.0221612	84.7978	0.000398971
0.0221612	85.3707	0.00030975
0.0221612	85.9437	0.000233712
0.0221612	86.5166	0.000169767
0.0221612	87.0896	0.000117005
0.0221612	87.6625	7.46832e-05
0.0221612	88.2355	4.22102e-05
0.0221612	88.8085	1.9135e-05
0.0221612	89.3814	5.1385e-06
0.0221612	89.9544	2.79184e-08

0.0295483	61.3065	0.194225
0.0295483	61.8794	0.142124
0.0295483	62.4524	0.104829
0.0295483	63.0254	0.0780789
0.0295483	63.5983	0.0587607
0.0295483	64.1713	0.0446797
0.0295483	64.7442	0.0343103
0.0295483	65.3172	0.0265937
0.0295483	65.8901	0.0207923
0.0295483	66.4631	0.0163877
0.0295483	67.0361	0.0130124
0.0295483	67.609	0.0104034
0.0295483	68.182	0.00837027
0.0295483	68.7549	0.00677376
0.0295483	69.3279	0.00551123
0.0295483	69.9009	0.0045062
0.0295483	70.4738	0.00370118
0.0295483	71.0468	0.00305265
0.0295483	71.6197	0.00252734
0.0295483	72.1927	0.00209968
0.0295483	72.7656	0.00174985
0.0295483	73.3386	0.0014624
0.0295483	73.9116	0.00122521
0.0295483	74.4845	0.00102872
0.0295483	75.0575	0.000865319
0.0295483	75.6304	0.000728966
0.0295483	76.2034	0.000614803
0.0295483	76.7763	0.000518921
0.0295483	77.3493	0.000438156
0.0295483	77.9223	0.00036994
0.0295483	78.4952	0.000312177
0.0295483	79.0682	0.000263153
0.0295483	79.6411	0.000221458
0.0295483	80.2141	0.000185932
0.0295483	80.787	0.000155615
0.0295483	81.36	0.000129712
0.0295483	81.933	0.000107561
0.0295483	82.5059	8.86132e-05
0.0295483	83.0789	7.24091e-05
0.0295483	83.6518	5.85659e-05
0.0295483	84.2248	4.67636e-05
0.0295483	84.7978	3.67354e-05
0.0295483	85.3707	2.8259e-05
0.0295483	85.9437	2.11498e-05
0.0295483	86.5166	1.52556e-05
0.0295483	87.0896	1.0452e-05
0.0295483	87.6625	6.63904e-06
0.0295483	88.2355	3.73809e-06
0.0295483	88.8085	1.68995e-06
0.0295483	89.3814	4.5306e-07
0.0295483	89.9544	2.46005e-09

0.0369353	61.3065	0.177332
0.0369353	61.8794	0.104419
0.0369353	62.4524	0.0638316
0.0369353	63.0254	0.0404571
0.0369353	63.5983	0.0264761
0.0369353	64.1713	0.0178119
0.0369353	64.7442	0.0122711
0.0369353	65.3172	0.00862912
0.0369353	65.8901	0.00617738
0.0369353	66.4631	0.00449205
0.0369353	67.0361	0.00331209
0.0369353	67.609	0.00247241
0.0369353	68.182	0.00186616
0.0369353	68.7549	0.00142271
0.0369353	69.3279	0.0010945
0.0369353	69.9009	0.00084898
0.0369353	70.4738	0.000663511
0.0369353	71.0468	0.000522144
0.0369353	71.6197	0.000413498
0.0369353	72.1927	0.000329359
0.0369353	72.7656	0.000263732
0.0369353	73.3386	0.000212206
0.0369353	73.9116	0.000171499
0.0369353	74.4845	0.000139152
0.0369353	75.0575	0.000113308
0.0369353	75.6304	9.25549e-05
0.0369353	76.2034	7.58086e-05
0.0369353	76.7763	6.22345e-05
0.0369353	77.3493	5.11848e-05
0.0369353	77.9223	4.21541e-05
0.0369353	78.4952	3.47456e-05
0.0369353	79.0682	2.86468e-05
0.0369353	79.6411	2.36098e-05
0.0369353	80.2141	1.94374e-05
0.0369353	80.787	1.59719e-05
0.0369353	81.36	1.30867e-05
0.0369353	81.933	1.06801e-05
0.0369353	82.5059	8.66945e-06
0.0369353	83.0789	6.98816e-06
0.0369353	83.6518	5.58193e-06
0.0369353	84.2248	4.40663e-06
0.0369353	84.7978	3.4263e-06
0.0369353	85.3707	2.61166e-06
0.0369353	85.9437	1.93892e-06
0.0369353	86.5166	1.38882e-06
0.0369353	87.0896	9.45901e-07
0.0369353	87.6625	5.97923e-07
0.0369353	88.2355	3.35387e-07
0.0369353	88.8085	1.51212e-07
0.0369353	89.3814	4.04709e-08
0.0369353	89.9544	2.19617e-10

0.0443224	61.3065	0.218119
0.0443224	61.8794	0.0912573
0.0443224	62.4524	0.0429862
0.0443224	63.0254	0.0222717
0.0443224	63.5983	0.0123963
0.0443224	64.1713	0.00728783
0.0443224	64.7442	0.00447288
0.0443224	65.3172	0.00284229
0.0443224	65.8901	0.00185881
0.0443224	66.4631	0.00124551
0.0443224	67.0361	0.000852149
0.0443224	67.609	0.000593708
0.0443224	68.182	0.000420326
0.0443224	68.7549	0.000301852
0.0443224	69.3279	0.000219565
0.0443224	69.9009	0.000161571
0.0443224	70.4738	0.000120153
0.0443224	71.0468	9.02162e-05
0.0443224	71.6197	6.8338e-05
0.0443224	72.1927	5.21865e-05
0.0443224	72.7656	4.01504e-05
0.0443224	73.3386	3.11027e-05
0.0443224	73.9116	2.42462e-05
0.0443224	74.4845	1.90107e-05
0.0443224	75.0575	1.49844e-05
0.0443224	75.6304	1.18675e-05
0.0443224	76.2034	9.43941e-06
0.0443224	76.7763	7.53667e-06
0.0443224	77.3493	6.03733e-06
0.0443224	77.9223	4.84967e-06
0.0443224	78.4952	3.90424e-06
0.0443224	79.0682	3.14814e-06
0.0443224	79.6411	2.54084e-06
0.0443224	80.2141	2.05107e-06
0.0443224	80.787	1.6546e-06
0.0443224	81.36	1.33258e-06
0.0443224	81.933	1.07024e-06
0.0443224	82.5059	8.55958e-07
0.0443224	83.0789	6.80582e-07
0.0443224	83.6518	5.36852e-07
0.0443224	84.2248	4.19004e-07
0.0443224	84.7978	3.22451e-07
0.0443224	85.3707	2.43534e-07
0.0443224	85.9437	1.79342e-07
0.0443224	86.5166	1.27562e-07
0.0443224	87.0896	8.63658e-08
0.0443224	87.6625	5.43285e-08
0.0443224	88.2355	3.03584e-08
0.0443224	88.8085	1.36499e-08
0.0443224	89.3814	3.64721e-09
0.0443224	89.9544	1.97796e-11

0.0517095	61.3065	0.463687
0.0517095	61.8794	0.104742
0.0517095	62.4524	0.0331253
0.0517095	63.0254	0.0132185
0.0517095	63.5983	0.00608521
0.0517095	64.1713	0.00308215
0.0517095	64.7442	0.00167211
0.0517095	65.3172	0.000955763
0.0517095	65.8901	0.000569385
0.0517095	66.4631	0.000350888
0.0517095	67.0361	0.000222471
0.0517095	67.609	0.000144527
0.0517095	68.182	9.5901e-05
0.0517095	68.7549	6.48352e-05
0.0517095	69.3279	4.45691e-05
0.0517095	69.9009	3.11004e-05
0.0517095	70.4738	2.19987e-05
0.0517095	71.0468	1.57547e-05
0.0517095	71.6197	1.14118e-05
0.0517095	72.1927	8.35276e-06
0.0517095	72.7656	6.17291e-06
0.0517095	73.3386	4.6027e-06
0.0517095	73.9116	3.46024e-06
0.0517095	74.4845	2.62119e-06
0.0517095	75.0575	1.99954e-06
0.0517095	75.6304	1.53517e-06
0.0517095	76.2034	1.18559e-06
0.0517095	76.7763	9.20503e-07
0.0517095	77.3493	7.18098e-07
0.0517095	77.9223	5.6255e-07
0.0517095	78.4952	4.42277e-07
0.0517095	79.0682	3.48742e-07
0.0517095	79.6411	2.75604e-07
0.0517095	80.2141	2.18123e-07
0.0517095	80.787	1.72731e-07
0.0517095	81.36	1.36728e-07
0.0517095	81.933	1.08057e-07
0.0517095	82.5059	8.51421e-08
0.0517095	83.0789	6.67726e-08
0.0517095	83.6518	5.20113e-08
0.0517095	84.2248	4.01309e-08
0.0517095	84.7978	3.05652e-08
0.0517095	85.3707	2.28723e-08
0.0517095	85.9437	1.67069e-08
0.0517095	86.5166	1.17997e-08
0.0517095	87.0896	7.94145e-09
0.0517095	87.6625	4.9712e-09
0.0517095	88.2355	2.76729e-09
0.0517095	88.8085	1.24083e-09
0.0517095	89.3814	3.30989e-10
0.0517095	89.9544	1.79391e-12

0.0590965	61.3065	0.790272
0.0590965	61.8794	0.213997
0.0590965	62.4524	0.0315441
0.0590965	63.0254	0.00868297
0.0590965	63.5983	0.00317075
0.0590965	64.1713	0.00135736
0.0590965	64.7442	0.000644401
0.0590965	65.3172	0.000329378
0.0590965	65.8901	0.00017808
0.0590965	66.4631	0.000100675
0.0590965	67.0361	5.90426e-05
0.0590965	67.609	3.57152e-05
0.0590965	68.182	2.21877e-05
0.0590965	68.7549	1.41089e-05
0.0590965	69.3279	9.159e-06
0.0590965	69.9009	6.05675e-06
0.0590965	70.4738	4.07282e-06
0.0590965	71.0468	2.78076e-06
0.0590965	71.6197	1.92525e-06
0.0590965	72.1927	1.35015e-06
0.0590965	72.7656	9.58127e-07
0.0590965	73.3386	6.87426e-07
0.0590965	73.9116	4.98249e-07
0.0590965	74.4845	3.64557e-07
0.0590965	75.0575	2.69082e-07
0.0590965	75.6304	2.00228e-07
0.0590965	76.2034	1.5011e-07
0.0590965	76.7763	1.13312e-07
0.0590965	77.3493	8.60703e-08
0.0590965	77.9223	6.57465e-08
0.0590965	78.4952	5.04722e-08
0.0590965	79.0682	3.8913e-08
0.0590965	79.6411	3.01079e-08
0.0590965	80.2141	2.33593e-08
0.0590965	80.787	1.81568e-08
0.0590965	81.36	1.41244e-08
0.0590965	81.933	1.09833e-08
0.0590965	82.5059	8.52536e-09
0.0590965	83.0789	6.59419e-09
0.0590965	83.6518	5.07174e-09
0.0590965	84.2248	3.86838e-09
0.0590965	84.7978	2.9158e-09
0.0590965	85.3707	2.16174e-09
0.0590965	85.9437	1.56616e-09
0.0590965	86.5166	1.09833e-09
0.0590965	87.0896	7.34778e-10
0.0590965	87.6625	4.57702e-10
0.0590965	88.2355	2.53811e-10
0.0590965	88.8085	1.13493e-10
0.0590965	89.3814	3.02228e-11
0.0590965	89.9544	1.63702e-13

0.0664836	61.3065	0.0942545
0.0664836	61.8794	0.916152
0.0664836	62.4524	0.0457072
0.0664836	63.0254	0.00662658
0.0664836	63.5983	0.00178529
0.0664836	64.1713	0.000627938
0.0664836	64.7442	0.000257327
0.0664836	65.3172	0.000116721
0.0664836	65.8901	5.69989e-05
0.0664836	66.4631	2.94663e-05
0.0664836	67.0361	1.59483e-05
0.0664836	67.609	8.96742e-06
0.0664836	68.182	5.2087e-06
0.0664836	68.7549	3.11198e-06
0.0664836	69.3279	1.90606e-06
0.0664836	69.9009	1.19361e-06
0.0664836	70.4738	7.62543e-07
0.0664836	71.0468	4.96076e-07
0.0664836	71.6197	3.28128e-07
0.0664836	72.1927	2.20379e-07
0.0664836	72.7656	1.50115e-07
0.0664836	73.3386	1.036e-07
0.0664836	73.9116	7.2372e-08
0.0664836	74.4845	5.11322e-08
0.0664836	75.0575	3.65083e-08
0.0664836	75.6304	2.63234e-08
0.0664836	76.2034	1.91533e-08
0.0664836	76.7763	1.4054e-08
0.0664836	77.3493	1.03925e-08
0.0664836	77.9223	7.73945e-09
0.0664836	78.4952	5.80056e-09
0.0664836	79.0682	4.37206e-09
0.0664836	79.6411	3.31148e-09
0.0664836	80.2141	2.51833e-09
0.0664836	80.787	1.92112e-09
0.0664836	81.36	1.46855e-09
0.0664836	81.933	1.12352e-09
0.0664836	82.5059	8.59037e-10
0.0664836	83.0789	6.55274e-10
0.0664836	83.6518	4.97605e-10
0.0664836	84.2248	3.75165e-10
0.0664836	84.7978	2.79839e-10
0.0664836	85.3707	2.05541e-10
0.0664836	85.9437	1.47692e-10
0.0664836	86.5166	1.02839e-10
0.0664836	87.0896	6.83858e-11
0.0664836	87.6625	4.23884e-11
0.0664836	88.2355	2.34153e-11
0.0664836	88.8085	1.04412e-11
0.0664836	89.3814	2.77576e-12
0.0664836	89.9544	1.50255e-14

0.0738706	61.3065	0.0207385
0.0738706	61.8794	0.0523363
0.0738706	62.4524	0.27375
0.0738706	63.0254	0.00653042
0.0738706	63.5983	0.00111741
0.0738706	64.1713	0.000308645
0.0738706	64.7442	0.00010709
0.0738706	65.3172	4.26748e-05
0.0738706	65.8901	1.87108e-05
0.0738706	66.4631	8.8108e-06
0.0738706	67.0361	4.389e-06
0.0738706	67.609	2.28936e-06
0.0738706	68.182	1.2414e-06
0.0738706	68.7549	6.96008e-07
0.0738706	69.3279	4.01815e-07
0.0738706	69.9009	2.38082e-07
0.0738706	70.4738	1.44401e-07
0.0738706	71.0468	8.94556e-08
0.0738706	71.6197	5.64996e-08
0.0738706	72.1927	3.63248e-08
0.0738706	72.7656	2.37408e-08
0.0738706	73.3386	1.57545e-08
0.0738706	73.9116	1.06039e-08
0.0738706	74.4845	7.23218e-09
0.0738706	75.0575	4.99376e-09
0.0738706	75.6304	3.48808e-09
0.0738706	76.2034	2.46268e-09
0.0738706	76.7763	1.75618e-09
0.0738706	77.3493	1.26401e-09
0.0738706	77.9223	9.17573e-10
0.0738706	78.4952	6.71299e-10
0.0738706	79.0682	4.94589e-10
0.0738706	79.6411	3.66669e-10
0.0738706	80.2141	2.73293e-10
0.0738706	80.787	2.04591e-10
0.0738706	81.36	1.53666e-10
0.0738706	81.933	1.15655e-10
0.0738706	82.5059	8.70987e-11
0.0738706	83.0789	6.55169e-11
0.0738706	83.6518	4.91195e-11
0.0738706	84.2248	3.66042e-11
0.0738706	84.7978	2.70179e-11
0.0738706	85.3707	1.96592e-11
0.0738706	85.9437	1.40099e-11
0.0738706	86.5166	9.68565e-12
0.0738706	87.0896	6.40183e-12
0.0738706	87.6625	3.94848e-12
0.0738706	88.2355	2.1727e-12
0.0738706	88.8085	9.66144e-13
0.0738706	89.3814	2.56407e-13
0.0738706	89.9544	1.38709e-15

0.0812577	61.3065	0.00699377
0.0812577	61.8794	0.00887819
0.0812577	62.4524	0.0468309
0.0812577	63.0254	0.0115039
0.0812577	63.5983	0.00081841
0.0812577	64.1713	0.000163828
0.0812577	64.7442	4.67767e-05
0.0812577	65.3172	1.6158e-05
0.0812577	65.8901	6.31344e-06
0.0812577	66.4631	2.69539e-06
0.0812577	67.0361	1.23185e-06
0.0812577	67.609	5.94721e-07
0.0812577	68.182	3.00536e-07
0.0812577	68.7549	1.5791e-07
0.0812577	69.3279	8.58349e-08
0.0812577	69.9009	4.80786e-08
0.0812577	70.4738	2.76637e-08
0.0812577	71.0468	1.63089e-08
0.0812577	71.6197	9.83024e-09
0.0812577	72.1927	6.04707e-09
0.0812577	72.7656	3.79045e-09
0.0812577	73.3386	2.41774e-09
0.0812577	73.9116	1.56739e-09
0.0812577	74.4845	1.03164e-09
0.0812577	75.0575	6.887e-10
0.0812577	75.6304	4.65897e-10
0.0812577	76.2034	3.19106e-10
0.0812577	76.7763	2.21113e-10
0.0812577	77.3493	1.54875e-10
0.0812577	77.9223	1.09571e-10
0.0812577	78.4952	7.82386e-11
0.0812577	79.0682	5.63381e-11
0.0812577	79.6411	4.08764e-11
0.0812577	80.2141	2.98565e-11
0.0812577	80.787	2.19315e-11
0.0812577	81.36	1.61838e-11
0.0812577	81.933	1.19818e-11
0.0812577	82.5059	8.88689e-12
0.0812577	83.0789	6.59162e-12
0.0812577	83.6518	4.8787e-12
0.0812577	84.2248	3.59332e-12
0.0812577	84.7978	2.62439e-12
0.0812577	85.3707	1.89169e-12
0.0812577	85.9437	1.33694e-12
0.0812577	86.5166	9.17661e-13
0.0812577	87.0896	6.02858e-13
0.0812577	87.6625	3.69978e-13
0.0812577	88.2355	2.02795e-13
0.0812577	88.8085	8.99253e-14
0.0812577	89.3814	2.38246e-14
0.0812577	89.9544	1.28804e-16

0.0886448	61.3065	0.0030363
0.0886448	61.8794	0.00253934
0.0886448	62.4524	0.00416774
0.0886448	63.0254	0.863143
0.0886448	63.5983	0.000786095
0.0886448	64.1713	9.63637e-05
0.0886448	64.7442	2.16496e-05
0.0886448	65.3172	6.36431e-06
0.0886448	65.8901	2.19521e-06
0.0886448	66.4631	8.44944e-07
0.0886448	67.0361	3.52987e-07
0.0886448	67.609	1.57326e-07
0.0886448	68.182	7.3951e-08
0.0886448	68.7549	3.63606e-08
0.0886448	69.3279	1.85875e-08
0.0886448	69.9009	9.8329e-09
0.0886448	70.4738	5.36303e-09
0.0886448	71.0468	3.00682e-09
0.0886448	71.6197	1.72863e-09
0.0886448	72.1927	1.01692e-09
0.0886448	72.7656	6.11077e-10
0.0886448	73.3386	3.74504e-10
0.0886448	73.9116	2.33766e-10
0.0886448	74.4845	1.48438e-10
0.0886448	75.0575	9.57797e-11
0.0886448	75.6304	6.27375e-11
0.0886448	76.2034	4.16774e-11
0.0886448	76.7763	2.80549e-11
0.0886448	77.3493	1.91196e-11
0.0886448	77.9223	1.31811e-11
0.0886448	78.4952	9.18458e-12
0.0886448	79.0682	6.463e-12
0.0886448	79.6411	4.58871e-12
0.0886448	80.2141	3.28413e-12
0.0886448	80.787	2.36688e-12
0.0886448	81.36	1.7158e-12
0.0886448	81.933	1.24948e-12
0.0886448	82.5059	9.12652e-13
0.0886448	83.0789	6.6745e-13
0.0886448	83.6518	4.87658e-13
0.0886448	84.2248	3.54976e-13
0.0886448	84.7978	2.56522e-13
0.0886448	85.3707	1.83161e-13
0.0886448	85.9437	1.28372e-13
0.0886448	86.5166	8.74795e-14
0.0886448	87.0896	5.71196e-14
0.0886448	87.6625	3.48796e-14
0.0886448	88.2355	1.90439e-14
0.0886448	88.8085	8.42092e-15
0.0886448	89.3814	2.22718e-15
0.0886448	89.9544	1.20333e-17

0.0960318	61.3065	0.00158839
0.0960318	61.8794	0.000949778
0.0960318	62.4524	0.000907335
0.0960318	63.0254	0.00295042
0.0960318	63.5983	0.00143273
0.0960318	64.1713	6.58024e-05
0.0960318	64.7442	1.07634e-05
0.0960318	65.3172	2.62274e-06
0.0960318	65.8901	7.88881e-07
0.0960318	66.4631	2.71897e-07
0.0960318	67.0361	1.0339e-07
0.0960318	67.609	4.24178e-08
0.0960318	68.182	1.85072e-08
0.0960318	68.7549	8.50176e-09
0.0960318	69.3279	4.08216e-09
0.0960318	69.9009	2.03744e-09
0.0960318	70.4738	1.0525e-09
0.0960318	71.0468	5.60787e-10
0.0960318	71.6197	3.07315e-10
0.0960318	72.1927	1.72802e-10
0.0960318	72.7656	9.95003e-11
0.0960318	73.3386	5.85674e-11
0.0960318	73.9116	3.51872e-11
0.0960318	74.4845	2.1549e-11
0.0960318	75.0575	1.34356e-11
0.0960318	75.6304	8.51918e-12
0.0960318	76.2034	5.48784e-12
0.0960318	76.7763	3.58799e-12
0.0960318	77.3493	2.37874e-12
0.0960318	77.9223	1.59773e-12
0.0960318	78.4952	1.08625e-12
0.0960318	79.0682	7.4686e-13
0.0960318	79.6411	5.18835e-13
0.0960318	80.2141	3.63809e-13
0.0960318	80.787	2.57226e-13
0.0960318	81.36	1.83165e-13
0.0960318	81.933	1.31186e-13
0.0960318	82.5059	9.43589e-14
0.0960318	83.0789	6.8036e-14
0.0960318	83.6518	4.90676e-14
0.0960318	84.2248	3.52978e-14
0.0960318	84.7978	2.52374e-14
0.0960318	85.3707	1.78494e-14
0.0960318	85.9437	1.24058e-14
0.0960318	86.5166	8.39286e-15
0.0960318	87.0896	5.44659e-15
0.0960318	87.6625	3.30924e-15
0.0960318	88.2355	1.79973e-15
0.0960318	88.8085	7.93571e-16
0.0960318	89.3814	2.09523e-16
0.0960318	89.9544	1.13132e-18

0.103419	61.3065	0.000977906
0.103419	61.8794	0.000426236
0.103419	62.4524	0.000279236
0.103419	63.0254	0.000361803
0.103419	63.5983	0.16653
0.103419	64.1713	5.76992e-05
0.103419	64.7442	5.87264e-06
0.103419	65.3172	1.13956e-06
0.103419	65.8901	2.94072e-07
0.103419	66.4631	9.0001e-08
0.103419	67.0361	3.09954e-08
0.103419	67.609	1.16672e-08
0.103419	68.182	4.71411e-09
0.103419	68.7549	2.01976e-09
0.103419	69.3279	9.09682e-10
0.103419	69.9009	4.27911e-10
0.103419	70.4738	2.09178e-10
0.103419	71.0468	1.0584e-10
0.103419	71.6197	5.52532e-11
0.103419	72.1927	2.96804e-11
0.103419	72.7656	1.63685e-11
0.103419	73.3386	9.24982e-12
0.103419	73.9116	5.347e-12
0.103419	74.4845	3.15713e-12
0.103419	75.0575	1.90154e-12
0.103419	75.6304	1.16686e-12
0.103419	76.2034	7.28708e-13
0.103419	76.7763	4.62654e-13
0.103419	77.3493	2.98331e-13
0.103419	77.9223	1.95193e-13
0.103419	78.4952	1.29463e-13
0.103419	79.0682	8.69626e-14
0.103419	79.6411	5.91021e-14
0.103419	80.2141	4.0599e-14
0.103419	80.787	2.81577e-14
0.103419	81.36	1.96937e-14
0.103419	81.933	1.38714e-14
0.103419	82.5059	9.82431e-15
0.103419	83.0789	6.9835e-15
0.103419	83.6518	4.97123e-15
0.103419	84.2248	3.53397e-15
0.103419	84.7978	2.49985e-15
0.103419	85.3707	1.75124e-15
0.103419	85.9437	1.20697e-15
0.103419	86.5166	8.10623e-16
0.103419	87.0896	5.22828e-16
0.103419	87.6625	3.16062e-16
0.103419	88.2355	1.71215e-16
0.103419	88.8085	7.52815e-17
0.103419	89.3814	1.98418e-17
0.103419	89.9544	1.07068e-19

0.110806	61.3065	0.000708065
0.110806	61.8794	0.000221756
0.110806	62.4524	0.000105448
0.110806	63.0254	8.34256e-05
0.110806	63.5983	0.000237025
0.110806	64.1713	8.8275e-05
0.110806	64.7442	3.64994e-06
0.110806	65.3172	5.27761e-07
0.110806	65.8901	1.14238e-07
0.110806	66.4631	3.07201e-08
0.110806	67.0361	9.52522e-09
0.110806	67.609	3.27733e-09
0.110806	68.182	1.22313e-09
0.110806	68.7549	4.8785e-10
0.110806	69.3279	2.05807e-10
0.110806	69.9009	9.11373e-11
0.110806	70.4738	4.21194e-11
0.110806	71.0468	2.02228e-11
0.110806	71.6197	1.00504e-11
0.110806	72.1927	5.1547e-12
0.110806	72.7656	2.72143e-12
0.110806	73.3386	1.47581e-12
0.110806	73.9116	8.20532e-13
0.110806	74.4845	4.66957e-13
0.110806	75.0575	2.71608e-13
0.110806	75.6304	1.61258e-13
0.110806	76.2034	9.76082e-14
0.110806	76.7763	6.01663e-14
0.110806	77.3493	3.77277e-14
0.110806	77.9223	2.40417e-14
0.110806	78.4952	1.55538e-14
0.110806	79.0682	1.02056e-14
0.110806	79.6411	6.78483e-15
0.110806	80.2141	4.56533e-15
0.110806	80.787	3.10565e-15
0.110806	81.36	2.13327e-15
0.110806	81.933	1.47759e-15
0.110806	82.5059	1.03037e-15
0.110806	83.0789	7.22022e-16
0.110806	83.6518	5.07285e-16
0.110806	84.2248	3.56351e-16
0.110806	84.7978	2.49381e-16
0.110806	85.3707	1.73034e-16
0.110806	85.9437	1.18254e-16
0.110806	86.5166	7.88435e-17
0.110806	87.0896	5.05383e-17
0.110806	87.6625	3.03973e-17
0.110806	88.2355	1.64017e-17
0.110806	88.8085	7.19118e-18
0.110806	89.3814	1.89207e-18
0.110806	89.9544	1.02032e-20

0.118193	61.3065	0.000614322
0.118193	61.8794	0.000132182
0.118193	62.4524	4.62779e-05
0.118193	63.0254	2.55327e-05
0.118193	63.5983	2.96989e-05
0.118193	64.1713	0.00758857
0.118193	64.7442	2.78687e-06
0.118193	65.3172	2.6485e-07
0.118193	65.8901	4.65284e-08
0.118193	66.4631	1.08448e-08
0.118193	67.0361	3.00593e-09
0.118193	67.609	9.4129e-10
0.118193	68.182	3.23555e-10
0.118193	68.7549	1.19889e-10
0.118193	69.3279	4.73001e-11
0.118193	69.9009	1.96944e-11
0.118193	70.4738	8.59657e-12
0.118193	71.0468	3.91343e-12
0.118193	71.6197	1.85031e-12
0.118193	72.1927	9.05555e-13
0.118193	72.7656	4.57453e-13
0.118193	73.3386	2.37959e-13
0.118193	73.9116	1.272e-13
0.118193	74.4845	6.97464e-14
0.118193	75.0575	3.91664e-14
0.118193	75.6304	2.24926e-14
0.118193	76.2034	1.31927e-14
0.118193	76.7763	7.89358e-15
0.118193	77.3493	4.81243e-15
0.118193	77.9223	2.98632e-15
0.118193	78.4952	1.88422e-15
0.118193	79.0682	1.20752e-15
0.118193	79.6411	7.85179e-16
0.118193	80.2141	5.17459e-16
0.118193	80.787	3.45233e-16
0.118193	81.36	2.32879e-16
0.118193	81.933	1.58606e-16
0.118193	82.5059	1.08889e-16
0.118193	83.0789	7.52152e-17
0.118193	83.6518	5.21548e-17
0.118193	84.2248	3.62014e-17
0.118193	84.7978	2.50627e-17
0.118193	85.3707	1.72233e-17
0.118193	85.9437	1.16714e-17
0.118193	86.5166	7.7248e-18
0.118193	87.0896	4.92095e-18
0.118193	87.6625	2.9448e-18
0.118193	88.2355	1.58266e-18
0.118193	88.8085	6.91927e-19
0.118193	89.3814	1.81735e-19
0.118193	89.9544	9.79402e-22

0.12558	61.3065	0.000668293
0.12558	61.8794	9.04421e-05
0.12558	62.4524	2.30577e-05
0.12558	63.0254	9.338e-06
0.12558	63.5983	6.64088e-06
0.12558	64.1713	2.20469e-05
0.12558	64.7442	3.19065e-06
0.12558	65.3172	1.47967e-07
0.12558	65.8901	2.00345e-08
0.12558	66.4631	3.97417e-09
0.12558	67.0361	9.76113e-10
0.12558	67.609	2.76797e-10
0.12558	68.182	8.73473e-11
0.12558	68.7549	2.99996e-11
0.12558	69.3279	1.10504e-11
0.12558	69.9009	4.32055e-12
0.12558	70.4738	1.77937e-12
0.12558	71.0468	7.67362e-13
0.12558	71.6197	3.44921e-13
0.12558	72.1927	1.60983e-13
0.12558	72.7656	7.77721e-14
0.12558	73.3386	3.87887e-14
0.12558	73.9116	1.99269e-14
0.12558	74.4845	1.05239e-14
0.12558	75.0575	5.70377e-15
0.12558	75.6304	3.16752e-15
0.12558	76.2034	1.79986e-15
0.12558	76.7763	1.0451e-15
0.12558	77.3493	6.19369e-16
0.12558	77.9223	3.74208e-16
0.12558	78.4952	2.30232e-16
0.12558	79.0682	1.44089e-16
0.12558	79.6411	9.16277e-17
0.12558	80.2141	5.91372e-17
0.12558	80.787	3.86912e-17
0.12558	81.36	2.56282e-17
0.12558	81.933	1.71615e-17
0.12558	82.5059	1.15989e-17
0.12558	83.0789	7.8972e-18
0.12558	83.6518	5.40414e-18
0.12558	84.2248	3.70632e-18
0.12558	84.7978	2.53831e-18
0.12558	85.3707	1.72759e-18
0.12558	85.9437	1.16079e-18
0.12558	86.5166	7.62645e-19
0.12558	87.0896	4.82815e-19
0.12558	87.6625	2.87458e-19
0.12558	88.2355	1.53879e-19
0.12558	88.8085	6.70822e-20
0.12558	89.3814	1.75883e-20
0.12558	89.9544	9.47258e-23

0.132967	61.3065	0.00100823
0.132967	61.8794	7.20476e-05
0.132967	62.4524	1.29318e-05
0.132967	63.0254	3.90733e-06
0.132967	63.5983	1.94091e-06
0.132967	64.1713	2.29987e-06
0.132967	64.7442	1.51846e-05
0.132967	65.3172	9.67521e-08
0.132967	65.8901	9.22932e-09
0.132967	66.4631	1.51888e-09
0.132967	67.0361	3.2696e-10
0.132967	67.609	8.34631e-11
0.132967	68.182	2.40906e-11
0.132967	68.7549	7.64998e-12
0.132967	69.3279	2.6261e-12
0.132967	69.9009	9.62819e-13
0.132967	70.4738	3.73711e-13
0.132967	71.0468	1.52539e-13
0.132967	71.6197	6.51338e-14
0.132967	72.1927	2.89722e-14
0.132967	72.7656	1.33783e-14
0.132967	73.3386	6.39446e-15
0.132967	73.9116	3.15582e-15
0.132967	74.4845	1.60471e-15
0.132967	75.0575	8.39145e-16
0.132967	75.6304	4.50511e-16
0.132967	76.2034	2.47937e-16
0.132967	76.7763	1.39684e-16
0.132967	77.3493	8.04549e-17
0.132967	77.9223	4.73187e-17
0.132967	78.4952	2.83842e-17
0.132967	79.0682	1.73453e-17
0.132967	79.6411	1.07857e-17
0.132967	80.2141	6.81649e-18
0.132967	80.787	4.37305e-18
0.132967	81.36	2.84408e-18
0.132967	81.933	1.87238e-18
0.132967	82.5059	1.24573e-18
0.132967	83.0789	8.35966e-19
0.132967	83.6518	5.64526e-19
0.132967	84.2248	3.8253e-19
0.132967	84.7978	2.59148e-19
0.132967	85.3707	1.74677e-19
0.132967	85.9437	1.1637e-19
0.132967	86.5166	7.58939e-20
0.132967	87.0896	4.77478e-20
0.132967	87.6625	2.82831e-20
0.132967	88.2355	1.50799e-20
0.132967	88.8085	6.5551e-21
0.132967	89.3814	1.71567e-21
0.132967	89.9544	9.23417e-24

0.140354	61.3065	0.00276812
0.140354	61.8794	6.88642e-05
0.140354	62.4524	8.17099e-06
0.140354	63.0254	1.83375e-06
0.140354	63.5983	6.72322e-07
0.140354	64.1713	4.66676e-07
0.140354	64.7442	3.07637e-06
0.140354	65.3172	8.28053e-08
0.140354	65.8901	4.6328e-09
0.140354	66.4631	6.09142e-10
0.140354	67.0361	1.133e-10
0.140354	67.609	2.58509e-11
0.140354	68.182	6.79617e-12
0.140354	68.7549	1.98981e-12
0.140354	69.3279	6.35306e-13
0.140354	69.9009	2.1809e-13
0.140354	70.4738	7.96854e-14
0.140354	71.0468	3.07553e-14
0.140354	71.6197	1.24655e-14
0.140354	72.1927	5.28091e-15
0.140354	72.7656	2.32947e-15
0.140354	73.3386	1.06652e-15
0.140354	73.9116	5.05436e-16
0.140354	74.4845	2.47363e-16
0.140354	75.0575	1.24764e-16
0.140354	75.6304	6.47356e-17
0.140354	76.2034	3.44975e-17
0.140354	76.7763	1.88528e-17
0.140354	77.3493	1.05515e-17
0.140354	77.9223	6.03994e-18
0.140354	78.4952	3.53182e-18
0.140354	79.0682	2.10709e-18
0.140354	79.6411	1.28104e-18
0.140354	80.2141	7.92701e-19
0.140354	80.787	4.98612e-19
0.140354	81.36	3.1837e-19
0.140354	81.933	2.06048e-19
0.140354	82.5059	1.34938e-19
0.140354	83.0789	8.92451e-20
0.140354	83.6518	5.94701e-20
0.140354	84.2248	3.98132e-20
0.140354	84.7978	2.66793e-20
0.140354	85.3707	1.7809e-20
0.140354	85.9437	1.17633e-20
0.140354	86.5166	7.61512e-21
0.140354	87.0896	4.76106e-21
0.140354	87.6625	2.80575e-21
0.140354	88.2355	1.48999e-21
0.140354	88.8085	6.45822e-22
0.140354	89.3814	1.68734e-22
0.140354	89.9544	9.07581e-25

0.147741	61.3065	0.0354752
0.147741	61.8794	8.37434e-05
0.147741	62.4524	5.86837e-06
0.147741	63.0254	9.574e-07
0.147741	63.5983	2.6476e-07
0.147741	64.1713	1.26242e-07
0.147741	64.7442	1.81892e-07
0.147741	65.3172	1.33149e-07
0.147741	65.8901	2.613e-09
0.147741	66.4631	2.58496e-10
0.147741	67.0361	4.0762e-11
0.147741	67.609	8.24087e-12
0.147741	68.182	1.96369e-12
0.147741	68.7549	5.2844e-13
0.147741	69.3279	1.56581e-13
0.147741	69.9009	5.02466e-14
0.147741	70.4738	1.72604e-14
0.147741	71.0468	6.29282e-15
0.147741	71.6197	2.41899e-15
0.147741	72.1927	9.75338e-16
0.147741	72.7656	4.10747e-16
0.147741	73.3386	1.80041e-16
0.147741	73.9116	8.18964e-17
0.147741	74.4845	3.85613e-17
0.147741	75.0575	1.87531e-17
0.147741	75.6304	9.40114e-18
0.147741	76.2034	4.84972e-18
0.147741	76.7763	2.57034e-18
0.147741	77.3493	1.39755e-18
0.147741	77.9223	7.7848e-19
0.147741	78.4952	4.43675e-19
0.147741	79.0682	2.58385e-19
0.147741	79.6411	1.53571e-19
0.147741	80.2141	9.30329e-20
0.147741	80.787	5.7369e-20
0.147741	81.36	3.59602e-20
0.147741	81.933	2.28773e-20
0.147741	82.5059	1.47463e-20
0.147741	83.0789	9.61148e-21
0.147741	83.6518	6.31979e-21
0.147741	84.2248	4.17982e-21
0.147741	84.7978	2.77047e-21
0.147741	85.3707	1.83139e-21
0.147741	85.9437	1.19934e-21
0.147741	86.5166	7.70661e-22
0.147741	87.0896	4.78808e-22
0.147741	87.6625	2.8072e-22
0.147741	88.2355	1.48478e-22
0.147741	88.8085	6.41712e-23
0.147741	89.3814	1.67364e-23
0.147741	89.9544	8.99629e-26

0.155128	61.3065	0.00622545
0.155128	61.8794	0.000147016
0.155128	62.4524	4.87863e-06
0.155128	63.0254	5.55606e-07
0.155128	63.5983	1.1621e-07
0.155128	64.1713	4.07307e-08
0.155128	64.7442	3.05317e-08
0.155128	65.3172	3.28476e-05
0.155128	65.8901	1.75627e-09
0.155128	66.4631	1.17469e-10
0.155128	67.0361	1.5294e-11
0.155128	67.609	2.71016e-12
0.155128	68.182	5.81993e-13
0.155128	68.7549	1.43443e-13
0.155128	69.3279	3.93504e-14
0.155128	69.9009	1.17832e-14
0.155128	70.4738	3.80031e-15
0.155128	71.0468	1.30737e-15
0.155128	71.6197	4.76212e-16
0.155128	72.1927	1.82608e-16
0.155128	72.7656	7.33732e-17
0.155128	73.3386	3.07743e-17
0.155128	73.9116	1.34299e-17
0.155128	74.4845	6.08136e-18
0.155128	75.0575	2.85059e-18
0.155128	75.6304	1.38027e-18
0.155128	76.2034	6.89086e-19
0.155128	76.7763	3.54102e-19
0.155128	77.3493	1.87004e-19
0.155128	77.9223	1.01347e-19
0.155128	78.4952	5.62868e-20
0.155128	79.0682	3.19936e-20
0.155128	79.6411	1.8587e-20
0.155128	80.2141	1.10222e-20
0.155128	80.787	6.66276e-21
0.155128	81.36	4.09955e-21
0.155128	81.933	2.56351e-21
0.155128	82.5059	1.62627e-21
0.155128	83.0789	1.04456e-21
0.155128	83.6518	6.77674e-22
0.155128	84.2248	4.42776e-22
0.155128	84.7978	2.90277e-22
0.155128	85.3707	1.90015e-22
0.155128	85.9437	1.2337e-22
0.155128	86.5166	7.86855e-23
0.155128	87.0896	4.858e-23
0.155128	87.6625	2.83353e-23
0.155128	88.2355	1.49269e-23
0.155128	88.8085	6.43265e-24
0.155128	89.3814	1.67472e-24
0.155128	89.9544	8.99626e-27

0.162515	61.3065	0.00356974
0.162515	61.8794	0.000537951
0.162515	62.4524	4.8486e-06
0.162515	63.0254	3.60171e-07
0.162515	63.5983	5.63441e-08
0.162515	64.1713	1.49616e-08
0.162515	64.7442	7.35029e-09
0.162515	65.3172	1.86786e-08
0.162515	65.8901	1.61719e-09
0.162515	66.4631	5.82203e-11
0.162515	67.0361	6.01927e-12
0.162515	67.609	9.22019e-13
0.162515	68.182	1.77223e-13
0.162515	68.7549	3.98451e-14
0.162515	69.3279	1.00926e-14
0.162515	69.9009	2.81468e-15
0.162515	70.4738	8.51061e-16
0.162515	71.0468	2.75943e-16
0.162515	71.6197	9.51541e-17
0.162515	72.1927	3.46742e-17
0.162515	72.7656	1.32841e-17
0.162515	73.3386	5.32833e-18
0.162515	73.9116	2.22976e-18
0.162515	74.4845	9.70606e-19
0.162515	75.0575	4.38358e-19
0.162515	75.6304	2.04945e-19
0.162515	76.2034	9.89913e-20
0.162515	76.7763	4.93086e-20
0.162515	77.3493	2.5287e-20
0.162515	77.9223	1.33306e-20
0.162515	78.4952	7.21361e-21
0.162515	79.0682	4.00127e-21
0.162515	79.6411	2.2719e-21
0.162515	80.2141	1.31866e-21
0.162515	80.787	7.81299e-22
0.162515	81.36	4.71843e-22
0.162515	81.933	2.89987e-22
0.162515	82.5059	1.81045e-22
0.162515	83.0789	1.14587e-22
0.162515	83.6518	7.3346e-23
0.162515	84.2248	4.73401e-23
0.162515	84.7978	3.06955e-23
0.162515	85.3707	1.9897e-23
0.162515	85.9437	1.28072e-23
0.162515	86.5166	8.10767e-24
0.162515	87.0896	4.9741e-24
0.162515	87.6625	2.88629e-24
0.162515	88.2355	1.51436e-24
0.162515	88.8085	6.50711e-25
0.162515	89.3814	1.6911e-25
0.162515	89.9544	9.07834e-28

0.169902	61.3065	0.362522
0.169902	61.8794	0.0263616
0.169902	62.4524	6.10626e-06
0.169902	63.0254	2.63661e-07
0.169902	63.5983	3.01003e-08
0.169902	64.1713	6.11911e-09
0.169902	64.7442	2.16546e-09
0.169902	65.3172	2.06294e-09
0.169902	65.8901	3.43266e-09
0.169902	66.4631	3.24501e-11
0.169902	67.0361	2.50443e-12
0.169902	67.609	3.25573e-13
0.169902	68.182	5.55522e-14
0.169902	68.7549	1.13405e-14
0.169902	69.3279	2.6444e-15
0.169902	69.9009	6.85406e-16
0.169902	70.4738	1.93985e-16
0.169902	71.0468	5.92062e-17
0.169902	71.6197	1.93083e-17
0.169902	72.1927	6.68067e-18
0.169902	72.7656	2.43867e-18
0.169902	73.3386	9.34886e-19
0.169902	73.9116	3.7496e-19
0.169902	74.4845	1.56832e-19
0.169902	75.0575	6.82187e-20
0.169902	75.6304	3.07854e-20
0.169902	76.2034	1.43822e-20
0.169902	76.7763	6.94241e-21
0.169902	77.3493	3.45649e-21
0.169902	77.9223	1.77213e-21
0.169902	78.4952	9.34173e-22
0.169902	79.0682	5.05584e-22
0.169902	79.6411	2.80526e-22
0.169902	80.2141	1.59349e-22
0.169902	80.787	9.25307e-23
0.169902	81.36	5.48435e-23
0.169902	81.933	3.31248e-23
0.169902	82.5059	2.03509e-23
0.169902	83.0789	1.26916e-23
0.169902	83.6518	8.01473e-24
0.169902	84.2248	5.10991e-24
0.169902	84.7978	3.27687e-24
0.169902	85.3707	2.10326e-24
0.169902	85.9437	1.34215e-24
0.169902	86.5166	8.43309e-25
0.169902	87.0896	5.14108e-25
0.169902	87.6625	2.96775e-25
0.169902	88.2355	1.55082e-25
0.169902	88.8085	6.64442e-26
0.169902	89.3814	1.72372e-26
0.169902	89.9544	9.24738e-29

0.17729	61.3065	0.000527264
0.17729	61.8794	0.00123269
0.17729	62.4524	1.0973e-05
0.17729	63.0254	2.22031e-07
0.17729	63.5983	1.77573e-08
0.17729	64.1713	2.75643e-09
0.17729	64.7442	7.34393e-10
0.17729	65.3172	4.09791e-10
0.17729	65.8901	1.06267e-08
0.17729	66.4631	2.1565e-11
0.17729	67.0361	1.11375e-12
0.17729	67.609	1.19812e-13
0.17729	68.182	1.7964e-14
0.17729	68.7549	3.31184e-15
0.17729	69.3279	7.0855e-16
0.17729	69.9009	1.70286e-16
0.17729	70.4738	4.5034e-17
0.17729	71.0468	1.29212e-17
0.17729	71.6197	3.98091e-18
0.17729	72.1927	1.30669e-18
0.17729	72.7656	4.5414e-19
0.17729	73.3386	1.66291e-19
0.17729	73.9116	6.3888e-20
0.17729	74.4845	2.56643e-20
0.17729	75.0575	1.07475e-20
0.17729	75.6304	4.67981e-21
0.17729	76.2034	2.11395e-21
0.17729	76.7763	9.886e-22
0.17729	77.3493	4.77743e-22
0.17729	77.9223	2.38161e-22
0.17729	78.4952	1.22279e-22
0.17729	79.0682	6.45609e-23
0.17729	79.6411	3.50007e-23
0.17729	80.2141	1.94549e-23
0.17729	80.787	1.10707e-23
0.17729	81.36	6.43923e-24
0.17729	81.933	3.82187e-24
0.17729	82.5059	2.31046e-24
0.17729	83.0789	1.41967e-24
0.17729	83.6518	8.84447e-25
0.17729	84.2248	5.56992e-25
0.17729	84.7978	3.53249e-25
0.17729	85.3707	2.24505e-25
0.17729	85.9437	1.42023e-25
0.17729	86.5166	8.85695e-26
0.17729	87.0896	5.36531e-26
0.17729	87.6625	3.08114e-26
0.17729	88.2355	1.60356e-26
0.17729	88.8085	6.85037e-27
0.17729	89.3814	1.77398e-27
0.17729	89.9544	9.5108e-30

0.184677	61.3065	6.67782e-05
0.184677	61.8794	0.00323483
0.184677	62.4524	3.86525e-05
0.184677	63.0254	2.21684e-07
0.184677	63.5983	1.16439e-08
0.184677	64.1713	1.36173e-09
0.184677	64.7442	2.78629e-10
0.184677	65.3172	1.06458e-10
0.184677	65.8901	1.87978e-10
0.184677	66.4631	1.96223e-11
0.184677	67.0361	5.38203e-13
0.184677	67.609	4.61916e-14
0.184677	68.182	6.00792e-15
0.184677	68.7549	9.93952e-16
0.184677	69.3279	1.94367e-16
0.184677	69.9009	4.32021e-17
0.184677	70.4738	1.06561e-17
0.184677	71.0468	2.8701e-18
0.184677	71.6197	8.34415e-19
0.184677	72.1927	2.59584e-19
0.184677	72.7656	8.58299e-20
0.184677	73.3386	2.99988e-20
0.184677	73.9116	1.10339e-20
0.184677	74.4845	4.25489e-21
0.184677	75.0575	1.7147e-21
0.184677	75.6304	7.20156e-22
0.184677	76.2034	3.14442e-22
0.184677	76.7763	1.42424e-22
0.184677	77.3493	6.67878e-23
0.184677	77.9223	3.23665e-23
0.184677	78.4952	1.61824e-23
0.184677	79.0682	8.33376e-24
0.184677	79.6411	4.4138e-24
0.184677	80.2141	2.40043e-24
0.184677	80.787	1.33843e-24
0.184677	81.36	7.63897e-25
0.184677	81.933	4.45508e-25
0.184677	82.5059	2.64997e-25
0.184677	83.0789	1.60422e-25
0.184677	83.6518	9.85908e-26
0.184677	84.2248	6.13267e-26
0.184677	84.7978	3.84639e-26
0.184677	85.3707	2.42045e-26
0.184677	85.9437	1.51791e-26
0.184677	86.5166	9.3951e-27
0.184677	87.0896	5.65521e-27
0.184677	87.6625	3.23075e-27
0.184677	88.2355	1.67461e-27
0.184677	88.8085	7.13302e-28
0.184677	89.3814	1.84388e-28
0.184677	89.9544	9.87907e-31

0.192064	61.3065	1.89421e-05
0.192064	61.8794	0.000309119
0.192064	62.4524	0.00218433
0.192064	63.0254	2.76259e-07
0.192064	63.5983	8.58319e-09
0.192064	64.1713	7.37874e-10
0.192064	64.7442	1.16587e-10
0.192064	65.3172	3.27328e-11
0.192064	65.8901	2.47507e-11
0.192064	66.4631	4.08223e-11
0.192064	67.0361	2.90311e-13
0.192064	67.609	1.8785e-14
0.192064	68.182	2.08435e-15
0.192064	68.7549	3.07105e-16
0.192064	69.3279	5.46528e-17
0.192064	69.9009	1.1203e-17
0.192064	70.4738	2.57201e-18
0.192064	71.0468	6.49284e-19
0.192064	71.6197	1.77906e-19
0.192064	72.1927	5.24028e-20
0.192064	72.7656	1.64701e-20
0.192064	73.3386	5.49087e-21
0.192064	73.9116	1.93234e-21
0.192064	74.4845	7.14931e-22
0.192064	75.0575	2.77136e-22
0.192064	75.6304	1.12222e-22
0.192064	76.2034	4.73468e-23
0.192064	76.7763	2.07645e-23
0.192064	77.3493	9.44638e-24
0.192064	77.9223	4.44927e-24
0.192064	78.4952	2.16579e-24
0.192064	79.0682	1.08773e-24
0.192064	79.6411	5.62719e-25
0.192064	80.2141	2.9939e-25
0.192064	80.787	1.63553e-25
0.192064	81.36	9.15869e-26
0.192064	81.933	5.24805e-26
0.192064	82.5059	3.07126e-26
0.192064	83.0789	1.83167e-26
0.192064	83.6518	1.11042e-26
0.192064	84.2248	6.82214e-27
0.192064	84.7978	4.23137e-27
0.192064	85.3707	2.6364e-27
0.192064	85.9437	1.63897e-27
0.192064	86.5166	1.00681e-27
0.192064	87.0896	6.02179e-28
0.192064	87.6625	3.42227e-28
0.192064	88.2355	1.76668e-28
0.192064	88.8085	7.50322e-29
0.192064	89.3814	1.9361e-29
0.192064	89.9544	1.03664e-31

0.199451	61.3065	8.41393e-06
0.199451	61.8794	2.26369e-05
0.199451	62.4524	0.000289312
0.199451	63.0254	4.73412e-07
0.199451	63.5983	7.23942e-09
0.199451	64.1713	4.40194e-10
0.199451	64.7442	5.34463e-11
0.199451	65.3172	1.1412e-11
0.199451	65.8901	5.22788e-12
0.199451	66.4631	1.37254e-10
0.199451	67.0361	1.83661e-13
0.199451	67.609	8.13471e-15
0.199451	68.182	7.52884e-16
0.199451	68.7549	9.78816e-17
0.199451	69.3279	1.57733e-17
0.199451	69.9009	2.97236e-18
0.199451	70.4738	6.33741e-19
0.199451	71.0468	1.49695e-19
0.199451	71.6197	3.86063e-20
0.199451	72.1927	1.07554e-20
0.199451	72.7656	3.21045e-21
0.199451	73.3386	1.02015e-21
0.199451	73.9116	3.43278e-22
0.199451	74.4845	1.2179e-22
0.199451	75.0575	4.53905e-23
0.199451	75.6304	1.77142e-23
0.199451	76.2034	7.21901e-24
0.199451	76.7763	3.06452e-24
0.199451	77.3493	1.35213e-24
0.199451	77.9223	6.18816e-25
0.199451	78.4952	2.93213e-25
0.199451	79.0682	1.43587e-25
0.199451	79.6411	7.2547e-26
0.199451	80.2141	3.77551e-26
0.199451	80.787	2.02051e-26
0.199451	81.36	1.11003e-26
0.199451	81.933	6.24894e-27
0.199451	82.5059	3.59773e-27
0.199451	83.0789	2.11369e-27
0.199451	83.6518	1.26396e-27
0.199451	84.2248	7.66948e-28
0.199451	84.7978	4.70403e-28
0.199451	85.3707	2.90186e-28
0.199451	85.9437	1.78828e-28
0.199451	86.5166	1.09026e-28
0.199451	87.0896	6.47938e-29
0.199451	87.6625	3.66314e-29
0.199451	88.2355	1.88334e-29
0.199451	88.8085	7.97525e-30
0.199451	89.3814	2.05422e-30
0.199451	89.9544	1.09916e-32

0.206838	61.3065	5.45123e-06
0.206838	61.8794	5.32589e-06
0.206838	62.4524	0.683526
0.206838	63.0254	1.39663e-06
0.206838	63.5983	7.18009e-09
0.206838	64.1713	2.91237e-10
0.206838	64.7442	2.67923e-11
0.206838	65.3172	4.41768e-12
0.206838	65.8901	1.4011e-12
0.206838	66.4631	2.29598e-12
0.206838	67.0361	1.52076e-13
0.206838	67.609	3.80278e-15
0.206838	68.182	2.84423e-16
0.206838	68.7549	3.22559e-17
0.206838	69.3279	4.67943e-18
0.206838	69.9009	8.07743e-19
0.206838	70.4738	1.59546e-19
0.206838	71.0468	3.51982e-20
0.206838	71.6197	8.532e-21
0.206838	72.1927	2.24557e-21
0.206838	72.7656	6.3599e-22
0.206838	73.3386	1.92469e-22
0.206838	73.9116	6.18853e-23
0.206838	74.4845	2.10422e-23
0.206838	75.0575	7.53615e-24
0.206838	75.6304	2.83328e-24
0.206838	76.2034	1.11488e-24
0.206838	76.7763	4.57958e-25
0.206838	77.3493	1.95915e-25
0.206838	77.9223	8.71019e-26
0.206838	78.4952	4.01652e-26
0.206838	79.0682	1.91747e-26
0.206838	79.6411	9.46017e-27
0.206838	80.2141	4.81512e-27
0.206838	80.787	2.5241e-27
0.206838	81.36	1.36029e-27
0.206838	81.933	7.52279e-28
0.206838	82.5059	4.26064e-28
0.206838	83.0789	2.46573e-28
0.206838	83.6518	1.45434e-28
0.206838	84.2248	8.71536e-29
0.206838	84.7978	5.28593e-29
0.206838	85.3707	3.22845e-29
0.206838	85.9437	1.97218e-29
0.206838	86.5166	1.1933e-29
0.206838	87.0896	7.04654e-30
0.206838	87.6625	3.96299e-30
0.206838	88.2355	2.02921e-30
0.206838	88.8085	8.5678e-31
0.206838	89.3814	2.20289e-31
0.206838	89.9544	1.17794e-33

0.214225	61.3065	5.5054e-06
0.214225	61.8794	2.17934e-06
0.214225	62.4524	1.52337e-05
0.214225	63.0254	1.68983e-05
0.214225	63.5983	8.75072e-09
0.214225	64.1713	2.1615e-10
0.214225	64.7442	1.47108e-11
0.214225	65.3172	1.87906e-12
0.214225	65.8901	4.39365e-13
0.214225	66.4631	2.99804e-13
0.214225	67.0361	2.33815e-13
0.214225	67.609	1.96061e-15
0.214225	68.182	1.13034e-16
0.214225	68.7549	1.10199e-17
0.214225	69.3279	1.42933e-18
0.214225	69.9009	2.25089e-19
0.214225	70.4738	4.10757e-20
0.214225	71.0468	8.44686e-21
0.214225	71.6197	1.92149e-21
0.214225	72.1927	4.77187e-22
0.214225	72.7656	1.28103e-22
0.214225	73.3386	3.68905e-23
0.214225	73.9116	1.1326e-23
0.214225	74.4845	3.68852e-24
0.214225	75.0575	1.26879e-24
0.214225	75.6304	4.59322e-25
0.214225	76.2034	1.74448e-25
0.214225	76.7763	6.93152e-26
0.214225	77.3493	2.87429e-26
0.214225	77.9223	1.24106e-26
0.214225	78.4952	5.56827e-27
0.214225	79.0682	2.59099e-27
0.214225	79.6411	1.24804e-27
0.214225	80.2141	6.21195e-28
0.214225	80.787	3.18927e-28
0.214225	81.36	1.68588e-28
0.214225	81.933	9.15819e-29
0.214225	82.5059	5.10211e-29
0.214225	83.0789	2.90841e-29
0.214225	83.6518	1.69194e-29
0.214225	84.2248	1.00133e-29
0.214225	84.7978	6.00525e-30
0.214225	85.3707	3.6313e-30
0.214225	85.9437	2.19887e-30
0.214225	86.5166	1.32041e-30
0.214225	87.0896	7.74738e-31
0.214225	87.6625	4.33439e-31
0.214225	88.2355	2.21034e-31
0.214225	88.8085	9.30523e-32
0.214225	89.3814	2.38821e-32
0.214225	89.9544	1.27619e-34

0.221612	61.3065	1.28557e-05
0.221612	61.8794	1.40421e-06
0.221612	62.4524	1.97612e-06
0.221612	63.0254	7.44672e-05
0.221612	63.5983	1.41581e-08
0.221612	64.1713	1.83037e-10
0.221612	64.7442	8.88884e-12
0.221612	65.3172	8.74296e-13
0.221612	65.8901	1.55479e-13
0.221612	66.4631	6.314e-14
0.221612	67.0361	3.43793e-10
0.221612	67.609	1.15692e-15
0.221612	68.182	4.7625e-17
0.221612	68.7549	3.91565e-18
0.221612	69.3279	4.50344e-19
0.221612	69.9009	6.44011e-20
0.221612	70.4738	1.0825e-20
0.221612	71.0468	2.07047e-21
0.221612	71.6197	4.41269e-22
0.221612	72.1927	1.03266e-22
0.221612	72.7656	2.62486e-23
0.221612	73.3386	7.1865e-24
0.221612	73.9116	2.10518e-24
0.221612	74.4845	6.56227e-25
0.221612	75.0575	2.16686e-25
0.221612	75.6304	7.54983e-26
0.221612	76.2034	2.76641e-26
0.221612	76.7763	1.06289e-26
0.221612	77.3493	4.27086e-27
0.221612	77.9223	1.79047e-27
0.221612	78.4952	7.8144e-28
0.221612	79.0682	3.5434e-28
0.221612	79.6411	1.66611e-28
0.221612	80.2141	8.10833e-29
0.221612	80.787	4.07666e-29
0.221612	81.36	2.11352e-29
0.221612	81.933	1.12769e-29
0.221612	82.5059	6.17939e-30
0.221612	83.0789	3.46946e-30
0.221612	83.6518	1.9906e-30
0.221612	84.2248	1.1634e-30
0.221612	84.7978	6.89914e-31
0.221612	85.3707	4.13025e-31
0.221612	85.9437	2.4791e-31
0.221612	86.5166	1.47743e-31
0.221612	87.0896	8.61331e-32
0.221612	87.6625	4.79367e-32
0.221612	88.2355	2.43459e-32
0.221612	88.8085	1.02193e-32
0.221612	89.3814	2.61809e-33
0.221612	89.9544	1.39811e-35

0.228999	61.3065	0.000262792
0.228999	61.8794	1.60947e-06
0.228999	62.4524	6.29847e-07
0.228999	63.0254	0.00203369
0.228999	63.5983	3.56206e-08
0.228999	64.1713	1.81366e-10
0.228999	64.7442	5.95761e-12
0.228999	65.3172	4.44765e-13
0.228999	65.8901	6.0984e-14
0.228999	66.4631	1.6922e-14
0.228999	67.0361	3.48592e-14
0.228999	67.609	8.41776e-16
0.228999	68.182	2.15058e-17
0.228999	68.7549	1.45272e-18
0.228999	69.3279	1.46668e-19
0.228999	69.9009	1.89448e-20
0.228999	70.4738	2.9232e-21
0.228999	71.0468	5.18793e-22
0.228999	71.6197	1.03405e-22
0.228999	72.1927	2.27708e-23
0.228999	72.7656	5.47408e-24
0.228999	73.3386	1.42352e-24
0.228999	73.9116	3.97554e-25
0.228999	74.4845	1.18537e-25
0.228999	75.0575	3.75505e-26
0.228999	75.6304	1.25858e-26
0.228999	76.2034	4.44737e-27
0.228999	76.7763	1.65166e-27
0.228999	77.3493	6.42883e-28
0.228999	77.9223	2.61606e-28
0.228999	78.4952	1.11039e-28
0.228999	79.0682	4.90557e-29
0.228999	79.6411	2.2512e-29
0.228999	80.2141	1.07104e-29
0.228999	80.787	5.27274e-30
0.228999	81.36	2.68077e-30
0.228999	81.933	1.40478e-30
0.228999	82.5059	7.57093e-31
0.228999	83.0789	4.18653e-31
0.228999	83.6518	2.36891e-31
0.228999	84.2248	1.36722e-31
0.228999	84.7978	8.01686e-32
0.228999	85.3707	4.75149e-32
0.228999	85.9437	2.827e-32
0.228999	86.5166	1.67201e-32
0.228999	87.0896	9.68542e-33
0.228999	87.6625	5.36218e-33
0.228999	88.2355	2.71223e-33
0.228999	88.8085	1.13513e-33
0.228999	89.3814	2.90291e-34
0.228999	89.9544	1.54919e-36

0.236386	61.3065	2.66744e-06
0.236386	61.8794	8.51438e-06
0.236386	62.4524	3.6844e-07
0.236386	63.0254	1.60251e-06
0.236386	63.5983	2.16651e-07
0.236386	64.1713	2.18652e-10
0.236386	64.7442	4.48146e-12
0.236386	65.3172	2.48026e-13
0.236386	65.8901	2.62811e-14
0.236386	66.4631	5.31973e-15
0.236386	67.0361	3.7388e-15
0.236386	67.609	9.17368e-16
0.236386	68.182	1.05776e-17
0.236386	68.7549	5.65499e-19
0.236386	69.3279	4.94939e-20
0.236386	69.9009	5.73866e-21
0.236386	70.4738	8.09764e-22
0.236386	71.0468	1.32999e-22
0.236386	71.6197	2.47433e-23
0.236386	72.1927	5.11941e-24
0.236386	72.7656	1.16251e-24
0.236386	73.3386	2.86848e-25
0.236386	73.9116	7.63086e-26
0.236386	74.4845	2.17476e-26
0.236386	75.0575	6.60525e-27
0.236386	75.6304	2.12855e-27
0.236386	76.2034	7.25017e-28
0.236386	76.7763	2.6016e-28
0.236386	77.3493	9.80586e-29
0.236386	77.9223	3.87203e-29
0.236386	78.4952	1.59792e-29
0.236386	79.0682	6.87645e-30
0.236386	79.6411	3.07931e-30
0.236386	80.2141	1.432e-30
0.236386	80.787	6.90196e-31
0.236386	81.36	3.4409e-31
0.236386	81.933	1.77071e-31
0.236386	82.5059	9.38525e-32
0.236386	83.0789	5.11113e-32
0.236386	83.6518	2.85213e-32
0.236386	84.2248	1.62552e-32
0.236386	84.7978	9.4243e-33
0.236386	85.3707	5.52986e-33
0.236386	85.9437	3.26126e-33
0.236386	86.5166	1.91426e-33
0.236386	87.0896	1.10179e-33
0.236386	87.6625	6.06801e-34
0.236386	88.2355	3.05676e-34
0.236386	88.8085	1.27558e-34
0.236386	89.3814	3.25626e-35
0.236386	89.9544	1.73662e-37

0.243773	61.3065	5.56227e-07
0.243773	61.8794	2.42874e-06
0.243773	62.4524	4.67128e-07
0.243773	63.0254	2.44006e-07
0.243773	63.5983	0.0012821
0.243773	64.1713	3.42201e-10
0.243773	64.7442	3.84799e-12
0.243773	65.3172	1.52459e-13
0.243773	65.8901	1.24017e-14
0.243773	66.4631	1.89179e-15
0.243773	67.0361	7.35426e-16
0.243773	67.609	3.93429e-15
0.243773	68.182	5.81635e-18
0.243773	68.7549	2.32435e-19
0.243773	69.3279	1.73551e-20
0.243773	69.9009	1.79305e-21
0.243773	70.4738	2.30382e-22
0.243773	71.0468	3.49166e-23
0.243773	71.6197	6.05033e-24
0.243773	72.1927	1.17423e-24
0.243773	72.7656	2.51537e-25
0.243773	73.3386	5.88282e-26
0.243773	73.9116	1.48937e-26
0.243773	74.4845	4.05403e-27
0.243773	75.0575	1.17977e-27
0.243773	75.6304	3.65323e-28
0.243773	76.2034	1.19887e-28
0.243773	76.7763	4.15487e-29
0.243773	77.3493	1.51594e-29
0.243773	77.9223	5.80682e-30
0.243773	78.4952	2.32931e-30
0.243773	79.0682	9.7619e-31
0.243773	79.6411	4.26485e-31
0.243773	80.2141	1.93831e-31
0.243773	80.787	9.14523e-32
0.243773	81.36	4.47018e-32
0.243773	81.933	2.25887e-32
0.243773	82.5059	1.17738e-32
0.243773	83.0789	6.31441e-33
0.243773	83.6518	3.47477e-33
0.243773	84.2248	1.95556e-33
0.243773	84.7978	1.12103e-33
0.243773	85.3707	6.51207e-34
0.243773	85.9437	3.80685e-34
0.243773	86.5166	2.2176e-34
0.243773	87.0896	1.26824e-34
0.243773	87.6625	6.94833e-35
0.243773	88.2355	3.48601e-35
0.243773	88.8085	1.45046e-35
0.243773	89.3814	3.69606e-36
0.243773	89.9544	1.96989e-38

0.25116	61.3065	2.15356e-07
0.25116	61.8794	1.9887e-07
0.25116	62.4524	2.79885e-05
0.25116	63.0254	1.04877e-07
0.25116	63.5983	0.000114383
0.25116	64.1713	7.84965e-10
0.25116	64.7442	3.86538e-12
0.25116	65.3172	1.04194e-13
0.25116	65.8901	6.41034e-15
0.25116	66.4631	7.47598e-16
0.25116	67.0361	1.90931e-16
0.25116	67.609	9.3705e-16
0.25116	68.182	3.74869e-18
0.25116	68.7549	1.01737e-19
0.25116	69.3279	6.34496e-21
0.25116	69.9009	5.7899e-22
0.25116	70.4738	6.74055e-23
0.25116	71.0468	9.39661e-24
0.25116	71.6197	1.51303e-24
0.25116	72.1927	2.74952e-25
0.25116	72.7656	5.54837e-26
0.25116	73.3386	1.2285e-26
0.25116	73.9116	2.95712e-27
0.25116	74.4845	7.6815e-28
0.25116	75.0575	2.14035e-28
0.25116	75.6304	6.36492e-29
0.25116	76.2034	2.01141e-29
0.25116	76.7763	6.72954e-30
0.25116	77.3493	2.37588e-30
0.25116	77.9223	8.82557e-31
0.25116	78.4952	3.44021e-31
0.25116	79.0682	1.40374e-31
0.25116	79.6411	5.98207e-32
0.25116	80.2141	2.6566e-32
0.25116	80.787	1.22682e-32
0.25116	81.36	5.87889e-33
0.25116	81.933	2.91685e-33
0.25116	82.5059	1.495e-33
0.25116	83.0789	7.89552e-34
0.25116	83.6518	4.28453e-34
0.25116	84.2248	2.38102e-34
0.25116	84.7978	1.34956e-34
0.25116	85.3707	7.76124e-35
0.25116	85.9437	4.49735e-35
0.25116	86.5166	2.60005e-35
0.25116	87.0896	1.47749e-35
0.25116	87.6625	8.05265e-36
0.25116	88.2355	4.02369e-36
0.25116	88.8085	1.66931e-36
0.25116	89.3814	4.24616e-37
0.25116	89.9544	2.2616e-39

0.258547	61.3065	1.19128e-07
0.258547	61.8794	5.13095e-08
0.258547	62.4524	1.37782e-07
0.258547	63.0254	1.30006e-07
0.258547	63.5983	2.44332e-07
0.258547	64.1713	3.49658e-09
0.258547	64.7442	4.71418e-12
0.258547	65.3172	8.01628e-14
0.258547	65.8901	3.64168e-15
0.258547	66.4631	3.25505e-16
0.258547	67.0361	5.91083e-17
0.258547	67.609	5.20011e-17
0.258547	68.182	3.13854e-18
0.258547	68.7549	4.79945e-20
0.258547	69.3279	2.42858e-21
0.258547	69.9009	1.93641e-22
0.258547	70.4738	2.03107e-23
0.258547	71.0468	2.59494e-24
0.258547	71.6197	3.8728e-25
0.258547	72.1927	6.57707e-26
0.258547	72.7656	1.24835e-26
0.258547	73.3386	2.61357e-27
0.258547	73.9116	5.9753e-28
0.258547	74.4845	1.47998e-28
0.258547	75.0575	3.94553e-29
0.258547	75.6304	1.12607e-29
0.258547	76.2034	3.42492e-30
0.258547	76.7763	1.1057e-30
0.258547	77.3493	3.77586e-31
0.258547	77.9223	1.35971e-31
0.258547	78.4952	5.14892e-32
0.258547	79.0682	2.04506e-32
0.258547	79.6411	8.49914e-33
0.258547	80.2141	3.68749e-33
0.258547	80.787	1.66652e-33
0.258547	81.36	7.82814e-34
0.258547	81.933	3.81325e-34
0.258547	82.5059	1.92173e-34
0.258547	83.0789	9.99399e-35
0.258547	83.6518	5.34784e-35
0.258547	84.2248	2.93458e-35
0.258547	84.7978	1.64458e-35
0.258547	85.3707	9.36347e-36
0.258547	85.9437	5.37832e-36
0.258547	86.5166	3.08593e-36
0.258547	87.0896	1.74245e-36
0.258547	87.6625	9.44754e-37
0.258547	88.2355	4.70164e-37
0.258547	88.8085	1.94491e-37
0.258547	89.3814	4.93845e-38
0.258547	89.9544	2.62861e-40

0.265934	61.3065	8.90122e-08
0.265934	61.8794	2.07272e-08
0.265934	62.4524	1.7478e-08
0.265934	63.0254	2.53852e-06
0.265934	63.5983	3.89618e-08
0.265934	64.1713	8.942e-08
0.265934	64.7442	7.40998e-12
0.265934	65.3172	7.06684e-14
0.265934	65.8901	2.2881e-15
0.265934	66.4631	1.55672e-16
0.265934	67.0361	2.09003e-17
0.265934	67.609	8.58319e-18
0.265934	68.182	4.67598e-18
0.265934	68.7549	2.48499e-20
0.265934	69.3279	9.78259e-22
0.265934	69.9009	6.72462e-23
0.265934	70.4738	6.31289e-24
0.265934	71.0468	7.36204e-25
0.265934	71.6197	1.01554e-25
0.265934	72.1927	1.6084e-26
0.265934	72.7656	2.8667e-27
0.265934	73.3386	5.66751e-28
0.265934	73.9116	1.22934e-28
0.265934	74.4845	2.90058e-29
0.265934	75.0575	7.39278e-30
0.265934	75.6304	2.02365e-30
0.265934	76.2034	5.92034e-31
0.265934	76.7763	1.8434e-31
0.265934	77.3493	6.08637e-32
0.265934	77.9223	2.12396e-32
0.265934	78.4952	7.81104e-33
0.265934	79.0682	3.01908e-33
0.265934	79.6411	1.22336e-33
0.265934	80.2141	5.18459e-34
0.265934	80.787	2.29275e-34
0.265934	81.36	1.05557e-34
0.265934	81.933	5.04781e-35
0.265934	82.5059	2.50119e-35
0.265934	83.0789	1.2808e-35
0.265934	83.6518	6.75812e-36
0.265934	84.2248	3.66183e-36
0.265934	84.7978	2.02905e-36
0.265934	85.3707	1.14372e-36
0.265934	85.9437	6.51212e-37
0.265934	86.5166	3.7084e-37
0.265934	87.0896	2.08068e-37
0.265934	87.6625	1.12232e-37
0.265934	88.2355	5.56289e-38
0.265934	88.8085	2.29456e-38
0.265934	89.3814	5.81598e-39
0.265934	89.9544	3.09371e-41

0.273321	61.3065	9.31645e-08
0.273321	61.8794	1.13009e-08
0.273321	62.4524	4.75215e-09
0.273321	63.0254	1.21411e-08
0.273321	63.5983	3.2447e-08
0.273321	64.1713	3.54499e-06
0.273321	64.7442	1.67021e-11
0.273321	65.3172	7.32268e-14
0.273321	65.8901	1.60521e-15
0.273321	66.4631	8.184e-17
0.273321	67.0361	8.26858e-18
0.273321	67.609	2.06304e-18
0.273321	68.182	6.4567e-16
0.273321	68.7549	1.45516e-20
0.273321	69.3279	4.17502e-22
0.273321	69.9009	2.43208e-23
0.273321	70.4738	2.02759e-24
0.273321	71.0468	2.14845e-25
0.273321	71.6197	2.73074e-26
0.273321	72.1927	4.02413e-27
0.273321	72.7656	6.7232e-28
0.273321	73.3386	1.25337e-28
0.273321	73.9116	2.57636e-29
0.273321	74.4845	5.78512e-30
0.273321	75.0575	1.40848e-30
0.273321	75.6304	3.69518e-31
0.273321	76.2034	1.03924e-31
0.273321	76.7763	3.11924e-32
0.273321	77.3493	9.953e-33
0.273321	77.9223	3.36461e-33
0.273321	78.4952	1.20129e-33
0.273321	79.0682	4.51723e-34
0.273321	79.6411	1.78428e-34
0.273321	80.2141	7.38495e-35
0.273321	80.787	3.19511e-35
0.273321	81.36	1.44162e-35
0.273321	81.933	6.76719e-36
0.273321	82.5059	3.29664e-36
0.273321	83.0789	1.66217e-36
0.273321	83.6518	8.64811e-37
0.273321	84.2248	4.62699e-37
0.273321	84.7978	2.53503e-37
0.273321	85.3707	1.4147e-37
0.273321	85.9437	7.98495e-38
0.273321	86.5166	4.51309e-38
0.273321	87.0896	2.51625e-38
0.273321	87.6625	1.3503e-38
0.273321	88.2355	6.66621e-39
0.273321	88.8085	2.74178e-39
0.273321	89.3814	6.93742e-40
0.273321	89.9544	3.68787e-42

0.280708	61.3065	1.59711e-07
0.280708	61.8794	8.1075e-09
0.280708	62.4524	1.86896e-09
0.280708	63.0254	1.67743e-09
0.280708	63.5983	1.8217e-07
0.280708	64.1713	3.92102e-08
0.280708	64.7442	6.77168e-11
0.280708	65.3172	9.26669e-14
0.280708	65.8901	1.27462e-15
0.280708	66.4631	4.7483e-17
0.280708	67.0361	3.6244e-18
0.280708	67.609	6.14112e-19
0.280708	68.182	1.03056e-18
0.280708	68.7549	1.01959e-20
0.280708	69.3279	1.90513e-22
0.280708	69.9009	9.19337e-24
0.280708	70.4738	6.743e-25
0.280708	71.0468	6.45805e-26
0.280708	71.6197	7.53726e-27
0.280708	72.1927	1.03091e-27
0.280708	72.7656	1.61141e-28
0.280708	73.3386	2.82841e-29
0.280708	73.9116	5.50265e-30
0.280708	74.4845	1.17468e-30
0.280708	75.0575	2.72954e-31
0.280708	75.6304	6.85821e-32
0.280708	76.2034	1.85301e-32
0.280708	76.7763	5.35843e-33
0.280708	77.3493	1.6516e-33
0.280708	77.9223	5.40635e-34
0.280708	78.4952	1.87337e-34
0.280708	79.0682	6.85138e-35
0.280708	79.6411	2.63741e-35
0.280708	80.2141	1.06586e-35
0.280708	80.787	4.51095e-36
0.280708	81.36	1.99442e-36
0.280708	81.933	9.18919e-37
0.280708	82.5059	4.40083e-37
0.280708	83.0789	2.18472e-37
0.280708	83.6518	1.12082e-37
0.280708	84.2248	5.92132e-38
0.280708	84.7978	3.20776e-38
0.280708	85.3707	1.77237e-38
0.280708	85.9437	9.91704e-39
0.280708	86.5166	5.56341e-39
0.280708	87.0896	3.08246e-39
0.280708	87.6625	1.64573e-39
0.280708	88.2355	8.09259e-40
0.280708	88.8085	3.31901e-40
0.280708	89.3814	8.38342e-41
0.280708	89.9544	4.45373e-43

0.288096	61.3065	7.91053e-07
0.288096	61.8794	8.07145e-09
0.288096	62.4524	9.59769e-10
0.288096	63.0254	4.34786e-10
0.288096	63.5983	1.44001e-09
0.288096	64.1713	7.64825e-09
0.288096	64.7442	9.71854e-10
0.288096	65.3172	1.52295e-13
0.288096	65.8901	1.16787e-15
0.288096	66.4631	3.06196e-17
0.288096	67.0361	1.75405e-18
0.288096	67.609	2.12918e-19
0.288096	68.182	1.08445e-19
0.288096	68.7549	9.73754e-21
0.288096	69.3279	9.41668e-23
0.288096	69.9009	3.64799e-24
0.288096	70.4738	2.32729e-25
0.288096	71.0468	2.00254e-26
0.288096	71.6197	2.13786e-27
0.288096	72.1927	2.70652e-28
0.288096	72.7656	3.94984e-29
0.288096	73.3386	6.51681e-30
0.288096	73.9116	1.19836e-30
0.288096	74.4845	2.42938e-31
0.288096	75.0575	5.3826e-32
0.288096	75.6304	1.29421e-32
0.288096	76.2034	3.35712e-33
0.288096	76.7763	9.34759e-34
0.288096	77.3493	2.78172e-34
0.288096	77.9223	8.81346e-35
0.288096	78.4952	2.96289e-35
0.288096	79.0682	1.05359e-35
0.288096	79.6411	3.95158e-36
0.288096	80.2141	1.55899e-36
0.288096	80.787	6.45312e-37
0.288096	81.36	2.79542e-37
0.288096	81.933	1.26407e-37
0.288096	82.5059	5.95112e-38
0.288096	83.0789	2.90873e-38
0.288096	83.6518	1.47141e-38
0.288096	84.2248	7.67594e-39
0.288096	84.7978	4.11174e-39
0.288096	85.3707	2.2494e-39
0.288096	85.9437	1.24778e-39
0.288096	86.5166	6.94828e-40
0.288096	87.0896	3.8259e-40
0.288096	87.6625	2.03236e-40
0.288096	88.2355	9.95471e-41
0.288096	88.8085	4.07128e-41
0.288096	89.3814	1.0266e-41
0.288096	89.9544	5.45044e-44

0.295483	61.3065	1.27513e-05
0.295483	61.8794	1.33608e-08
0.295483	62.4524	6.3754e-10
0.295483	63.0254	1.57117e-10
0.295483	63.5983	1.75945e-10
0.295483	64.1713	1.3759e-06
0.295483	64.7442	2.51434e-05
0.295483	65.3172	3.62889e-13
0.295483	65.8901	1.26971e-15
0.295483	66.4631	2.21799e-17
0.295483	67.0361	9.37997e-19
0.295483	67.609	8.36145e-20
0.295483	68.182	2.21765e-20
0.295483	68.7549	2.00863e-20
0.295483	69.3279	5.1427e-23
0.295483	69.9009	1.52792e-24
0.295483	70.4738	8.35854e-26
0.295483	71.0468	6.41645e-27
0.295483	71.6197	6.23879e-28
0.295483	72.1927	7.2887e-29
0.295483	72.7656	9.9088e-30
0.295483	73.3386	1.534e-30
0.295483	73.9116	2.66245e-31
0.295483	74.4845	5.11959e-32
0.295483	75.0575	1.08051e-32
0.295483	75.6304	2.48408e-33
0.295483	76.2034	6.18175e-34
0.295483	76.7763	1.65634e-34
0.295483	77.3493	4.75645e-35
0.295483	77.9223	1.45799e-35
0.295483	78.4952	4.75344e-36
0.295483	79.0682	1.64296e-36
0.295483	79.6411	6.00221e-37
0.295483	80.2141	2.31122e-37
0.295483	80.787	9.35518e-38
0.295483	81.36	3.97012e-38
0.295483	81.933	1.76179e-38
0.295483	82.5059	8.15315e-39
0.295483	83.0789	3.9234e-39
0.295483	83.6518	1.95697e-39
0.295483	84.2248	1.00811e-39
0.295483	84.7978	5.33987e-40
0.295483	85.3707	2.89256e-40
0.295483	85.9437	1.59083e-40
0.295483	86.5166	8.79375e-41
0.295483	87.0896	4.81238e-41
0.295483	87.6625	2.54367e-41
0.295483	88.2355	1.24111e-41
0.295483	88.8085	5.06188e-42
0.295483	89.3814	1.27424e-42
0.295483	89.9544	6.76103e-45

0.30287	61.3065	2.80576e-06
0.30287	61.8794	7.63232e-08
0.30287	62.4524	5.82732e-10
0.30287	63.0254	7.28151e-11
0.30287	63.5983	3.97079e-11
0.30287	64.1713	2.55201e-10
0.30287	64.7442	3.55921e-09
0.30287	65.3172	1.58968e-12
0.30287	65.8901	1.70904e-15
0.30287	66.4631	1.83234e-17
0.30287	67.0361	5.56685e-19
0.30287	67.609	3.67091e-20
0.30287	68.182	6.10796e-21
0.30287	68.7549	1.56524e-19
0.30287	69.3279	3.20818e-23
0.30287	69.9009	6.80341e-25
0.30287	70.4738	3.13373e-26
0.30287	71.0468	2.12842e-27
0.30287	71.6197	1.87562e-28
0.30287	72.1927	2.01543e-29
0.30287	72.7656	2.54609e-30
0.30287	73.3386	3.69148e-31
0.30287	73.9116	6.03797e-32
0.30287	74.4845	1.09987e-32
0.30287	75.0575	2.20888e-33
0.30287	75.6304	4.85117e-34
0.30287	76.2034	1.1573e-34
0.30287	76.7763	2.98202e-35
0.30287	77.3493	8.25885e-36
0.30287	77.9223	2.44808e-36
0.30287	78.4952	7.73726e-37
0.30287	79.0682	2.59849e-37
0.30287	79.6411	9.24418e-38
0.30287	80.2141	3.47342e-38
0.30287	80.787	1.3746e-38
0.30287	81.36	5.71404e-39
0.30287	81.933	2.48817e-39
0.30287	82.5059	1.13181e-39
0.30287	83.0789	5.36208e-40
0.30287	83.6518	2.63724e-40
0.30287	84.2248	1.34156e-40
0.30287	84.7978	7.02728e-41
0.30287	85.3707	3.76947e-41
0.30287	85.9437	2.05555e-41
0.30287	86.5166	1.12804e-41
0.30287	87.0896	6.13586e-42
0.30287	87.6625	3.22732e-42
0.30287	88.2355	1.5687e-42
0.30287	88.8085	6.38064e-43
0.30287	89.3814	1.60356e-43
0.30287	89.9544	8.50325e-46

0.310257	61.3065	4.70224e-07
0.310257	61.8794	1.8585e-07
0.310257	62.4524	8.83824e-10
0.310257	63.0254	4.31904e-11
0.310257	63.5983	1.24393e-11
0.310257	64.1713	2.14434e-11
0.310257	64.7442	1.53141e-09
0.310257	65.3172	2.73832e-11
0.310257	65.8901	3.05482e-15
0.310257	66.4631	1.76419e-17
0.310257	67.0361	3.69556e-19
0.310257	67.609	1.79273e-20
0.310257	68.182	2.03361e-21
0.310257	68.7549	1.81152e-21
0.310257	69.3279	2.43752e-23
0.310257	69.9009	3.25199e-25
0.310257	70.4738	1.23107e-26
0.310257	71.0468	7.32487e-28
0.310257	71.6197	5.81758e-29
0.310257	72.1927	5.72837e-30
0.310257	72.7656	6.70667e-31
0.310257	73.3386	9.08778e-32
0.310257	73.9116	1.39852e-32
0.310257	74.4845	2.41007e-33
0.310257	75.0575	4.60054e-34
0.310257	75.6304	9.64291e-35
0.310257	76.2034	2.20349e-35
0.310257	76.7763	5.45631e-36
0.310257	77.3493	1.45656e-36
0.310257	77.9223	4.17302e-37
0.310257	78.4952	1.27801e-37
0.310257	79.0682	4.16898e-38
0.310257	79.6411	1.44381e-38
0.310257	80.2141	5.29241e-39
0.310257	80.787	2.04738e-39
0.310257	81.36	8.3353e-40
0.310257	81.933	3.56125e-40
0.310257	82.5059	1.59218e-40
0.310257	83.0789	7.42625e-41
0.310257	83.6518	3.60155e-41
0.310257	84.2248	1.80928e-41
0.310257	84.7978	9.37273e-42
0.310257	85.3707	4.97895e-42
0.310257	85.9437	2.69236e-42
0.310257	86.5166	1.46696e-42
0.310257	87.0896	7.93194e-43
0.310257	87.6625	4.15195e-43
0.310257	88.2355	2.01065e-43
0.310257	88.8085	8.15656e-44
0.310257	89.3814	2.04657e-44
0.310257	89.9544	1.0846e-46

0.317644	61.3065	2.59806e-08
0.317644	61.8794	3.38509e-08
0.317644	62.4524	4.80266e-09
0.317644	63.0254	3.48777e-11
0.317644	63.5983	4.98456e-12
0.317644	64.1713	3.76227e-12
0.317644	64.7442	1.18086e-10
0.317644	65.3172	3.6613e-09
0.317644	65.8901	8.28285e-15
0.317644	66.4631	2.04365e-17
0.317644	67.0361	2.77698e-19
0.317644	67.609	9.74177e-21
0.317644	68.182	7.83017e-22
0.317644	68.7549	2.54431e-22
0.317644	69.3279	2.63505e-23
0.317644	69.9009	1.69206e-25
0.317644	70.4738	5.09109e-27
0.317644	71.0468	2.62171e-28
0.317644	71.6197	1.8646e-29
0.317644	72.1927	1.67552e-30
0.317644	72.7656	1.81265e-31
0.317644	73.3386	2.29043e-32
0.317644	73.9116	3.31037e-33
0.317644	74.4845	5.38918e-34
0.317644	75.0575	9.76627e-35
0.317644	75.6304	1.95171e-35
0.317644	76.2034	4.26824e-36
0.317644	76.7763	1.01495e-36
0.317644	77.3493	2.6099e-37
0.317644	77.9223	7.22316e-38
0.317644	78.4952	2.14259e-38
0.317644	79.0682	6.7862e-39
0.317644	79.6411	2.2872e-39
0.317644	80.2141	8.17695e-40
0.317644	80.787	3.09155e-40
0.317644	81.36	1.23251e-40
0.317644	81.933	5.16621e-41
0.317644	82.5059	2.27006e-41
0.317644	83.0789	1.04238e-41
0.317644	83.6518	4.98492e-42
0.317644	84.2248	2.47319e-42
0.317644	84.7978	1.26717e-42
0.317644	85.3707	6.667e-43
0.317644	85.9437	3.5754e-43
0.317644	86.5166	1.93443e-43
0.317644	87.0896	1.03986e-43
0.317644	87.6625	5.41755e-44
0.317644	88.2355	2.61405e-44
0.317644	88.8085	1.0577e-44
0.317644	89.3814	2.64975e-45
0.317644	89.9544	1.40346e-47

0.325031	61.3065	7.31945e-09
0.325031	61.8794	6.40726e-07
0.325031	62.4524	7.30096e-09
0.325031	63.0254	4.54122e-11
0.325031	63.5983	2.5505e-12
0.325031	64.1713	9.53783e-13
0.325031	64.7442	3.58819e-12
0.325031	65.3172	1.59995e-10
0.325031	65.8901	4.74139e-14
0.325031	66.4631	2.99358e-17
0.325031	67.0361	2.40284e-19
0.325031	67.609	5.91702e-21
0.325031	68.182	3.41729e-22
0.325031	68.7549	6.02221e-23
0.325031	69.3279	7.56524e-23
0.325031	69.9009	9.79114e-26
0.325031	70.4738	2.2294e-27
0.325031	71.0468	9.787e-29
0.325031	71.6197	6.18665e-30
0.325031	72.1927	5.0498e-31
0.325031	72.7656	5.03178e-32
0.325031	73.3386	5.91452e-33
0.325031	73.9116	8.01306e-34
0.325031	74.4845	1.23043e-34
0.325031	75.0575	2.11414e-35
0.325031	75.6304	4.02384e-36
0.325031	76.2034	8.41413e-37
0.325031	76.7763	1.91987e-37
0.325031	77.3493	4.7524e-38
0.325031	77.9223	1.26985e-38
0.325031	78.4952	3.64655e-39
0.325031	79.0682	1.12096e-39
0.325031	79.6411	3.67551e-40
0.325031	80.2141	1.28123e-40
0.325031	80.787	4.73326e-41
0.325031	81.36	1.84755e-41
0.325031	81.933	7.59691e-42
0.325031	82.5059	3.28059e-42
0.325031	83.0789	1.48302e-42
0.325031	83.6518	6.99371e-43
0.325031	84.2248	3.42703e-43
0.325031	84.7978	1.73683e-43
0.325031	85.3707	9.05172e-44
0.325031	85.9437	4.81486e-44
0.325031	86.5166	2.58714e-44
0.325031	87.0896	1.38283e-44
0.325031	87.6625	7.17148e-45
0.325031	88.2355	3.44824e-45
0.325031	88.8085	1.39177e-45
0.325031	89.3814	3.4814e-46
0.325031	89.9544	1.84294e-48

0.332418	61.3065	6.10237e-09
0.332418	61.8794	7.29879e-09
0.332418	62.4524	1.00953e-09
0.332418	63.0254	1.78053e-10
0.332418	63.5983	1.75904e-12
0.332418	64.1713	3.15583e-13
0.332418	64.7442	4.01719e-13
0.332418	65.3172	1.77781e-10
0.332418	65.8901	3.91925e-12
0.332418	66.4631	6.0458e-17
0.332418	67.0361	2.45407e-19
0.332418	67.609	4.0518e-21
0.332418	68.182	1.67656e-22
0.332418	68.7549	1.85972e-23
0.332418	69.3279	1.08571e-22
0.332418	69.9009	6.53444e-26
0.332418	70.4738	1.04168e-27
0.332418	71.0468	3.82347e-29
0.332418	71.6197	2.12924e-30
0.332418	72.1927	1.57042e-31
0.332418	72.7656	1.43611e-32
0.332418	73.3386	1.56613e-33
0.332418	73.9116	1.98486e-34
0.332418	74.4845	2.86998e-35
0.332418	75.0575	4.66911e-36
0.332418	75.6304	8.45403e-37
0.332418	76.2034	1.68868e-37
0.332418	76.7763	3.69421e-38
0.332418	77.3493	8.79663e-39
0.332418	77.9223	2.26794e-39
0.332418	78.4952	6.30165e-40
0.332418	79.0682	1.87927e-40
0.332418	79.6411	5.99258e-41
0.332418	80.2141	2.03621e-41
0.332418	80.787	7.34858e-42
0.332418	81.36	2.80796e-42
0.332418	81.933	1.1325e-42
0.332418	82.5059	4.80596e-43
0.332418	83.0789	2.13885e-43
0.332418	83.6518	9.94686e-44
0.332418	84.2248	4.81442e-44
0.332418	84.7978	2.41378e-44
0.332418	85.3707	1.24627e-44
0.332418	85.9437	6.5765e-45
0.332418	86.5166	3.51006e-45
0.332418	87.0896	1.86579e-45
0.332418	87.6625	9.63363e-46
0.332418	88.2355	4.61654e-46
0.332418	88.8085	1.85889e-46
0.332418	89.3814	4.64319e-47
0.332418	89.9544	2.45666e-49

0.339805	61.3065	1.21352e-07
0.339805	61.8794	1.52653e-09
0.339805	62.4524	1.37346e-09
0.339805	63.0254	5.93901e-10
0.339805	63.5983	1.8718e-12
0.339805	64.1713	1.34858e-13
0.339805	64.7442	7.46322e-14
0.339805	65.3172	1.40445e-12
0.339805	65.8901	2.72485e-12
0.339805	66.4631	2.02299e-16
0.339805	67.0361	3.07016e-19
0.339805	67.609	3.16986e-21
0.339805	68.182	9.23649e-23
0.339805	68.7549	6.88881e-24
0.339805	69.3279	3.68813e-24
0.339805	69.9009	5.40343e-26
0.339805	70.4738	5.24784e-28
0.339805	71.0468	1.56953e-29
0.339805	71.6197	7.61886e-31
0.339805	72.1927	5.04718e-32
0.339805	72.7656	4.21902e-33
0.339805	73.3386	4.25633e-34
0.339805	73.9116	5.03488e-35
0.339805	74.4845	6.84311e-36
0.339805	75.0575	1.05257e-36
0.339805	75.6304	1.81082e-37
0.339805	76.2034	3.45164e-38
0.339805	76.7763	7.2332e-39
0.339805	77.3493	1.65559e-39
0.339805	77.9223	4.1159e-40
0.339805	78.4952	1.10597e-40
0.339805	79.0682	3.19823e-41
0.339805	79.6411	9.91427e-42
0.339805	80.2141	3.28271e-42
0.339805	80.787	1.15706e-42
0.339805	81.36	4.32727e-43
0.339805	81.933	1.71167e-43
0.339805	82.5059	7.13773e-44
0.339805	83.0789	3.12725e-44
0.339805	83.6518	1.43428e-44
0.339805	84.2248	6.85777e-45
0.339805	84.7978	3.4018e-45
0.339805	85.3707	1.74035e-45
0.339805	85.9437	9.1125e-46
0.339805	86.5166	4.83207e-46
0.339805	87.0896	2.5549e-46
0.339805	87.6625	1.31362e-46
0.339805	88.2355	6.27494e-47
0.339805	88.8085	2.52099e-47
0.339805	89.3814	6.2885e-48
0.339805	89.9544	3.32555e-50

0.347192	61.3065	2.30063e-09
0.347192	61.8794	2.49602e-09
0.347192	62.4524	1.38972e-08
0.347192	63.0254	4.45917e-11
0.347192	63.5983	4.66796e-12
0.347192	64.1713	7.74691e-14
0.347192	64.7442	1.9258e-14
0.347192	65.3172	5.79105e-14
0.347192	65.8901	8.20495e-12
0.347192	66.4631	2.08502e-15
0.347192	67.0361	4.99519e-19
0.347192	67.609	2.88874e-21
0.347192	68.182	5.7385e-23
0.347192	68.7549	2.95546e-24
0.347192	69.3279	6.26173e-25
0.347192	69.9009	6.63754e-26
0.347192	70.4738	2.89364e-28
0.347192	71.0468	6.80386e-30
0.347192	71.6197	2.84184e-31
0.347192	72.1927	1.67927e-32
0.347192	72.7656	1.27743e-33
0.347192	73.3386	1.1884e-34
0.347192	73.9116	1.30893e-35
0.347192	74.4845	1.66902e-36
0.347192	75.0575	2.42339e-37
0.347192	75.6304	3.95617e-38
0.347192	76.2034	7.18814e-39
0.347192	76.7763	1.4416e-39
0.347192	77.3493	3.16922e-40
0.347192	77.9223	7.59212e-41
0.347192	78.4952	1.97172e-41
0.347192	79.0682	5.52619e-42
0.347192	79.6411	1.66466e-42
0.347192	80.2141	5.36924e-43
0.347192	80.787	1.84782e-43
0.347192	81.36	6.76248e-44
0.347192	81.933	2.62308e-44
0.347192	82.5059	1.07479e-44
0.347192	83.0789	4.63585e-45
0.347192	83.6518	2.09696e-45
0.347192	84.2248	9.9055e-46
0.347192	84.7978	4.86234e-46
0.347192	85.3707	2.46533e-46
0.347192	85.9437	1.28112e-46
0.347192	86.5166	6.75101e-47
0.347192	87.0896	3.55148e-47
0.347192	87.6625	1.81877e-47
0.347192	88.2355	8.66204e-48
0.347192	88.8085	3.47278e-48
0.347192	89.3814	8.65188e-49
0.347192	89.9544	4.57331e-51

0.354579	61.3065	4.29164e-10
0.354579	61.8794	9.69916e-10
0.354579	62.4524	5.10573e-10
0.354579	63.0254	3.33976e-11
0.354579	63.5983	4.1177e-10
0.354579	64.1713	6.59903e-14
0.354579	64.7442	6.64254e-15
0.354579	65.3172	6.54349e-15
0.354579	65.8901	8.11234e-12
0.354579	66.4631	2.9857e-14
0.354579	67.0361	1.1817e-18
0.354579	67.609	3.15497e-21
0.354579	68.182	4.05785e-23
0.354579	68.7549	1.44696e-24
0.354579	69.3279	1.67917e-25
0.354579	69.9009	2.7798e-25
0.354579	70.4738	1.7875e-28
0.354579	71.0468	3.13444e-30
0.354579	71.6197	1.10839e-31
0.354579	72.1927	5.79522e-33
0.354579	72.7656	3.99176e-34
0.354579	73.3386	3.41241e-35
0.354579	73.9116	3.49037e-36
0.354579	74.4845	4.16677e-37
0.354579	75.0575	5.70158e-38
0.354579	75.6304	8.82009e-39
0.354579	76.2034	1.5258e-39
0.354579	76.7763	2.92566e-40
0.354579	77.3493	6.17224e-41
0.354579	77.9223	1.42376e-41
0.354579	78.4952	3.57153e-42
0.354579	79.0682	9.69661e-43
0.354579	79.6411	2.8371e-43
0.354579	80.2141	8.91087e-44
0.354579	80.787	2.99343e-44
0.354579	81.36	1.07178e-44
0.354579	81.933	4.07615e-45
0.354579	82.5059	1.64098e-45
0.354579	83.0789	6.96796e-46
0.354579	83.6518	3.10873e-46
0.354579	84.2248	1.45098e-46
0.354579	84.7978	7.04937e-47
0.354579	85.3707	3.5431e-47
0.354579	85.9437	1.82781e-47
0.354579	86.5166	9.57451e-48
0.354579	87.0896	5.01287e-48
0.354579	87.6625	2.55771e-48
0.354579	88.2355	1.21479e-48
0.354579	88.8085	4.86115e-49
0.354579	89.3814	1.20972e-49
0.354579	89.9544	6.39191e-52

0.361966	61.3065	4.19218e-10
0.361966	61.8794	5.10099e-11
0.361966	62.4524	2.11149e-08
0.361966	63.0254	2.03824e-10
0.361966	63.5983	2.64723e-12
0.361966	64.1713	1.07956e-13
0.361966	64.7442	3.118e-15
0.361966	65.3172	1.20564e-15
0.361966	65.8901	1.91501e-14
0.361966	66.4631	9.505e-15
0.361966	67.0361	5.3782e-18
0.361966	67.609	4.31222e-21
0.361966	68.182	3.31447e-23
0.361966	68.7549	8.0518e-25
0.361966	69.3279	5.79924e-26
0.361966	69.9009	1.36187e-25
0.361966	70.4738	1.28771e-28
0.361966	71.0468	1.54734e-30
0.361966	71.6197	4.53692e-32
0.361966	72.1927	2.07897e-33
0.361966	72.7656	1.28929e-34
0.361966	73.3386	1.00886e-35
0.361966	73.9116	9.55538e-37
0.361966	74.4845	1.06558e-37
0.361966	75.0575	1.37162e-38
0.361966	75.6304	2.00768e-39
0.361966	76.2034	3.30266e-40
0.361966	76.7763	6.04817e-41
0.361966	77.3493	1.22339e-41
0.361966	77.9223	2.71525e-42
0.361966	78.4952	6.57464e-43
0.361966	79.0682	1.72813e-43
0.361966	79.6411	4.90885e-44
0.361966	80.2141	1.50076e-44
0.361966	80.787	4.91954e-45
0.361966	81.36	1.72287e-45
0.361966	81.933	6.42336e-46
0.361966	82.5059	2.54048e-46
0.361966	83.0789	1.06197e-46
0.361966	83.6518	4.67344e-47
0.361966	84.2248	2.15559e-47
0.361966	84.7978	1.03673e-47
0.361966	85.3707	5.1667e-48
0.361966	85.9437	2.64684e-48
0.361966	86.5166	1.3787e-48
0.361966	87.0896	7.18657e-49
0.361966	87.6625	3.6545e-49
0.361966	88.2355	1.73149e-49
0.361966	88.8085	6.91735e-50
0.361966	89.3814	1.71976e-50
0.361966	89.9544	9.08371e-53

0.369353	61.3065	1.50126e-09
0.369353	61.8794	1.58477e-11
0.369353	62.4524	1.42369e-11
0.369353	63.0254	6.31852e-10
0.369353	63.5983	1.3436e-12
0.369353	64.1713	1.51021e-12
0.369353	64.7442	2.12357e-15
0.369353	65.3172	3.20617e-16
0.369353	65.8901	7.74887e-16
0.369353	66.4631	5.19786e-12
0.369353	67.0361	2.76763e-16
0.369353	67.609	7.9268e-21
0.369353	68.182	3.19666e-23
0.369353	68.7549	5.10926e-25
0.369353	69.3279	2.40457e-26
0.369353	69.9009	7.88509e-27
0.369353	70.4738	1.17309e-28
0.369353	71.0468	8.27883e-31
0.369353	71.6197	1.95759e-32
0.369353	72.1927	7.77221e-34
0.369353	72.7656	4.31147e-35
0.369353	73.3386	3.07478e-36
0.369353	73.9116	2.68823e-37
0.369353	74.4845	2.79359e-38
0.369353	75.0575	3.37616e-39
0.369353	75.6304	4.66846e-40
0.369353	76.2034	7.29308e-41
0.369353	76.7763	1.27415e-41
0.369353	77.3493	2.4687e-42
0.369353	77.9223	5.26747e-43
0.369353	78.4952	1.23028e-43
0.369353	79.0682	3.12884e-44
0.369353	79.6411	8.62408e-45
0.369353	80.2141	2.56534e-45
0.369353	80.787	8.20301e-46
0.369353	81.36	2.80915e-46
0.369353	81.933	1.02653e-46
0.369353	82.5059	3.98828e-47
0.369353	83.0789	1.64123e-47
0.369353	83.6518	7.12468e-48
0.369353	84.2248	3.24794e-48
0.369353	84.7978	1.54673e-48
0.369353	85.3707	7.64558e-49
0.369353	85.9437	3.89087e-49
0.369353	86.5166	2.01613e-49
0.369353	87.0896	1.04673e-49
0.369353	87.6625	5.30712e-50
0.369353	88.2355	2.50928e-50
0.369353	88.8085	1.0011e-50
0.369353	89.3814	2.48697e-51
0.369353	89.9544	1.31325e-53

0.37674	61.3065	2.09773e-11
0.37674	61.8794	2.3697e-11
0.37674	62.4524	1.69769e-12
0.37674	63.0254	1.81787e-11
0.37674	63.5983	3.75128e-12
0.37674	64.1713	2.28019e-13
0.37674	64.7442	2.46464e-15
0.37674	65.3172	1.20332e-16
0.37674	65.8901	8.54622e-17
0.37674	66.4631	2.6218e-13
0.37674	67.0361	5.93121e-17
0.37674	67.609	2.26408e-20
0.37674	68.182	3.76059e-23
0.37674	68.7549	3.73261e-25
0.37674	69.3279	1.16341e-26
0.37674	69.9009	1.57647e-27
0.37674	70.4738	1.67655e-28
0.37674	71.0468	4.88059e-31
0.37674	71.6197	8.9526e-33
0.37674	72.1927	3.03677e-34
0.37674	72.7656	1.49558e-35
0.37674	73.3386	9.67382e-37
0.37674	73.9116	7.7801e-38
0.37674	74.4845	7.51441e-39
0.37674	75.0575	8.50867e-40
0.37674	75.6304	1.1096e-40
0.37674	76.2034	1.64382e-41
0.37674	76.7763	2.73649e-42
0.37674	77.3493	5.07347e-43
0.37674	77.9223	1.03979e-43
0.37674	78.4952	2.34077e-44
0.37674	79.0682	5.75618e-45
0.37674	79.6411	1.53868e-45
0.37674	80.2141	4.45125e-46
0.37674	80.787	1.38791e-46
0.37674	81.36	4.64632e-47
0.37674	81.933	1.66382e-47
0.37674	82.5059	6.34925e-48
0.37674	83.0789	2.57205e-48
0.37674	83.6518	1.10148e-48
0.37674	84.2248	4.96364e-49
0.37674	84.7978	2.34111e-49
0.37674	85.3707	1.14818e-49
0.37674	85.9437	5.80691e-50
0.37674	86.5166	2.99466e-50
0.37674	87.0896	1.54932e-50
0.37674	87.6625	7.83603e-51
0.37674	88.2355	3.69894e-51
0.37674	88.8085	1.47425e-51
0.37674	89.3814	3.66041e-52
0.37674	89.9544	1.93254e-54

0.384127	61.3065	3.65021e-12
0.384127	61.8794	1.35735e-11
0.384127	62.4524	6.53035e-13
0.384127	63.0254	4.62558e-13
0.384127	63.5983	4.43001e-06
0.384127	64.1713	6.83159e-14
0.384127	64.7442	8.72445e-15
0.384127	65.3172	6.56626e-17
0.384127	65.8901	1.61899e-17
0.384127	66.4631	2.07746e-16
0.384127	67.0361	5.26852e-17
0.384127	67.609	1.58236e-19
0.384127	68.182	5.67138e-23
0.384127	68.7549	3.19116e-25
0.384127	69.3279	6.50362e-27
0.384127	69.9009	4.79379e-28
0.384127	70.4738	1.22953e-27
0.384127	71.0468	3.25349e-31
0.384127	71.6197	4.36988e-33
0.384127	72.1927	1.24431e-34
0.384127	72.7656	5.39291e-36
0.384127	73.3386	3.14657e-37
0.384127	73.9116	2.31899e-38
0.384127	74.4845	2.07576e-39
0.384127	75.0575	2.19721e-40
0.384127	75.6304	2.69734e-41
0.384127	76.2034	3.78376e-42
0.384127	76.7763	5.99429e-43
0.384127	77.3493	1.06228e-43
0.384127	77.9223	2.08923e-44
0.384127	78.4952	4.52958e-45
0.384127	79.0682	1.07629e-45
0.384127	79.6411	2.78849e-46
0.384127	80.2141	7.84121e-47
0.384127	80.787	2.38304e-47
0.384127	81.36	7.79626e-48
0.384127	81.933	2.73512e-48
0.384127	82.5059	1.02503e-48
0.384127	83.0789	4.08737e-49
0.384127	83.6518	1.72688e-49
0.384127	84.2248	7.69375e-50
0.384127	84.7978	3.59493e-50
0.384127	85.3707	1.74996e-50
0.384127	85.9437	8.79969e-51
0.384127	86.5166	4.51894e-51
0.384127	87.0896	2.33109e-51
0.384127	87.6625	1.1768e-51
0.384127	88.2355	5.5489e-52
0.384127	88.8085	2.21032e-52
0.384127	89.3814	5.48666e-53
0.384127	89.9544	2.89652e-55

0.391514	61.3065	1.40348e-12
0.391514	61.8794	4.58117e-13
0.391514	62.4524	1.57866e-12
0.391514	63.0254	6.6856e-14
0.391514	63.5983	8.04903e-13
0.391514	64.1713	1.68185e-13
0.391514	64.7442	4.77956e-14
0.391514	65.3172	5.77083e-17
0.391514	65.8901	4.68202e-18
0.391514	66.4631	8.25315e-18
0.391514	67.0361	3.08804e-15
0.391514	67.609	6.57755e-18
0.391514	68.182	1.1917e-22
0.391514	68.7549	3.27307e-25
0.391514	69.3279	4.20481e-27
0.391514	69.9009	1.86951e-28
0.391514	70.4738	1.95165e-28
0.391514	71.0468	2.56658e-31
0.391514	71.6197	2.29758e-33
0.391514	72.1927	5.36838e-35
0.391514	72.7656	2.02635e-36
0.391514	73.3386	1.05988e-37
0.391514	73.9116	7.12767e-39
0.391514	74.4845	5.89432e-40
0.391514	75.0575	5.81835e-41
0.391514	75.6304	6.71081e-42
0.391514	76.2034	8.89932e-43
0.391514	76.7763	1.33985e-43
0.391514	77.3493	2.26698e-44
0.391514	77.9223	4.27433e-45
0.391514	78.4952	8.91716e-46
0.391514	79.0682	2.04582e-46
0.391514	79.6411	5.13402e-47
0.391514	80.2141	1.40254e-47
0.391514	80.787	4.15276e-48
0.391514	81.36	1.32721e-48
0.391514	81.933	4.56041e-49
0.391514	82.5059	1.67814e-49
0.391514	83.0789	6.58651e-50
0.391514	83.6518	2.74544e-50
0.391514	84.2248	1.2095e-50
0.391514	84.7978	5.60032e-51
0.391514	85.3707	2.70695e-51
0.391514	85.9437	1.35409e-51
0.391514	86.5166	6.92873e-52
0.391514	87.0896	3.5662e-52
0.391514	87.6625	1.7982e-52
0.391514	88.2355	8.47532e-53
0.391514	88.8085	3.37595e-53
0.391514	89.3814	8.38112e-54
0.391514	89.9544	4.42487e-56

0.398902	61.3065	1.00878e-12
0.398902	61.8794	8.06173e-14
0.398902	62.4524	2.08968e-13
0.398902	63.0254	2.80105e-14
0.398902	63.5983	2.14271e-14
0.398902	64.1713	9.63902e-13
0.398902	64.7442	3.77131e-15
0.398902	65.3172	1.12681e-16
0.398902	65.8901	2.03038e-18
0.398902	66.4631	9.41551e-19
0.398902	67.0361	1.96027e-14
0.398902	67.609	2.96278e-19
0.398902	68.182	4.1652e-22
0.398902	68.7549	4.17832e-25
0.398902	69.3279	3.17418e-27
0.398902	69.9009	8.81163e-29
0.398902	70.4738	1.71034e-29
0.398902	71.0468	2.63476e-31
0.398902	71.6197	1.31785e-33
0.398902	72.1927	2.45073e-35
0.398902	72.7656	7.95584e-37
0.398902	73.3386	3.70391e-38
0.398902	73.9116	2.26218e-39
0.398902	74.4845	1.72237e-40
0.398902	75.0575	1.58131e-41
0.398902	75.6304	1.70997e-42
0.398902	76.2034	2.14e-43
0.398902	76.7763	3.05754e-44
0.398902	77.3493	4.93307e-45
0.398902	77.9223	8.90738e-46
0.398902	78.4952	1.78648e-46
0.398902	79.0682	3.95425e-47
0.398902	79.6411	9.60518e-48
0.398902	80.2141	2.54772e-48
0.398902	80.787	7.34562e-49
0.398902	81.36	2.29244e-49
0.398902	81.933	7.71263e-50
0.398902	82.5059	2.78611e-50
0.398902	83.0789	1.07622e-50
0.398902	83.6518	4.42589e-51
0.398902	84.2248	1.92831e-51
0.398902	84.7978	8.85037e-52
0.398902	85.3707	4.24959e-52
0.398902	85.9437	2.11591e-52
0.398902	86.5166	1.07957e-52
0.398902	87.0896	5.54865e-53
0.398902	87.6625	2.79692e-53
0.398902	88.2355	1.31874e-53
0.398902	88.8085	5.25638e-54
0.398902	89.3814	1.30571e-54
0.398902	89.9544	6.8953e-57

0.406289	61.3065	1.54253e-12
0.406289	61.8794	2.73356e-14
0.406289	62.4524	1.04417e-14
0.406289	63.0254	1.2333e-13
0.406289	63.5983	2.91094e-15
0.406289	64.1713	3.4474e-13
0.406289	64.7442	8.44961e-15
0.406289	65.3172	9.42716e-15
0.406289	65.8901	1.40114e-18
0.406289	66.4631	1.94982e-19
0.406289	67.0361	1.77024e-18
0.406289	67.609	3.15943e-19
0.406289	68.182	5.19262e-21
0.406289	68.7549	7.01287e-25
0.406289	69.3279	2.84855e-27
0.406289	69.9009	4.91086e-29
0.406289	70.4738	4.05095e-30
0.406289	71.0468	4.62085e-31
0.406289	71.6197	8.40161e-34
0.406289	72.1927	1.19108e-35
0.406289	72.7656	3.27444e-37
0.406289	73.3386	1.34572e-38
0.406289	73.9116	7.42486e-40
0.406289	74.4845	5.18513e-41
0.406289	75.0575	4.41495e-42
0.406289	75.6304	4.46585e-43
0.406289	76.2034	5.26466e-44
0.406289	76.7763	7.12715e-45
0.406289	77.3493	1.09508e-45
0.406289	77.9223	1.89149e-46
0.406289	78.4952	3.6435e-47
0.406289	79.0682	7.77394e-48
0.406289	79.6411	1.82647e-48
0.406289	80.2141	4.70075e-49
0.406289	80.787	1.31905e-49
0.406289	81.36	4.01794e-50
0.406289	81.933	1.32309e-50
0.406289	82.5059	4.69076e-51
0.406289	83.0789	1.78301e-51
0.406289	83.6518	7.23421e-52
0.406289	84.2248	3.11749e-52
0.406289	84.7978	1.4187e-52
0.406289	85.3707	6.77012e-53
0.406289	85.9437	3.35746e-53
0.406289	86.5166	1.70949e-53
0.406289	87.0896	8.78209e-54
0.406289	87.6625	4.42992e-54
0.406289	88.2355	2.09156e-54
0.406289	88.8085	8.34939e-55
0.406289	89.3814	2.07645e-55
0.406289	89.9544	1.09708e-57

0.413676	61.3065	9.77673e-12
0.413676	61.8794	1.52905e-14
0.413676	62.4524	1.81451e-15
0.413676	63.0254	4.17788e-15
0.413676	63.5983	1.20187e-15
0.413676	64.1713	1.40608e-15
0.413676	64.7442	5.1538e-15
0.413676	65.3172	1.79507e-16
0.413676	65.8901	1.92016e-18
0.413676	66.4631	6.51992e-20
0.413676	67.0361	7.5195e-20
0.413676	67.609	7.52273e-18
0.413676	68.182	8.85544e-21
0.413676	68.7549	1.68673e-24
0.413676	69.3279	3.12567e-27
0.413676	69.9009	3.22437e-29
0.413676	70.4738	1.41796e-30
0.413676	71.0468	1.18796e-29
0.413676	71.6197	6.13358e-34
0.413676	72.1927	6.21134e-36
0.413676	72.7656	1.41813e-37
0.413676	73.3386	5.09526e-39
0.413676	73.9116	2.52438e-40
0.413676	74.4845	1.61019e-41
0.413676	75.0575	1.26753e-42
0.413676	75.6304	1.19641e-43
0.413676	76.2034	1.32593e-44
0.413676	76.7763	1.698e-45
0.413676	77.3493	2.48112e-46
0.413676	77.9223	4.09458e-47
0.413676	78.4952	7.56729e-48
0.413676	79.0682	1.55499e-48
0.413676	79.6411	3.53087e-49
0.413676	80.2141	8.81142e-50
0.413676	80.787	2.40491e-50
0.413676	81.36	7.14645e-51
0.413676	81.933	2.30238e-51
0.413676	82.5059	8.0086e-52
0.413676	83.0789	2.99497e-52
0.413676	83.6518	1.19878e-52
0.413676	84.2248	5.11008e-53
0.413676	84.7978	2.3064e-53
0.413676	85.3707	1.09437e-53
0.413676	85.9437	5.40938e-54
0.413676	86.5166	2.75109e-54
0.413676	87.0896	1.41421e-54
0.413676	87.6625	7.14749e-55
0.413676	88.2355	3.38346e-55
0.413676	88.8085	1.35416e-55
0.413676	89.3814	3.37422e-56
0.413676	89.9544	1.78413e-58

0.421063	61.3065	7.95646e-11
0.421063	61.8794	1.44552e-14
0.421063	62.4524	5.55035e-16
0.421063	63.0254	2.49282e-16
0.421063	63.5983	1.05846e-14
0.421063	64.1713	1.39493e-16
0.421063	64.7442	1.95288e-15
0.421063	65.3172	2.09635e-16
0.421063	65.8901	1.77063e-17
0.421063	66.4631	3.55333e-20
0.421063	67.0361	9.48857e-21
0.421063	67.609	1.84474e-16
0.421063	68.182	1.6338e-21
0.421063	68.7549	6.99367e-24
0.421063	69.3279	4.36894e-27
0.421063	69.9009	2.51576e-29
0.421063	70.4738	6.37055e-31
0.421063	71.0468	2.90657e-31
0.421063	71.6197	5.41192e-34
0.421063	72.1927	3.51213e-36
0.421063	72.7656	6.49238e-38
0.421063	73.3386	2.01589e-39
0.421063	73.9116	8.90697e-41
0.421063	74.4845	5.16507e-42
0.421063	75.0575	3.74615e-43
0.421063	75.6304	3.29074e-44
0.421063	76.2034	3.42124e-45
0.421063	76.7763	4.13719e-46
0.421063	77.3493	5.74049e-47
0.421063	77.9223	9.03989e-48
0.421063	78.4952	1.60115e-48
0.421063	79.0682	3.16564e-49
0.421063	79.6411	6.94117e-50
0.421063	80.2141	1.67834e-50
0.421063	80.787	4.45254e-51
0.421063	81.36	1.29005e-51
0.421063	81.933	4.06435e-52
0.421063	82.5059	1.38654e-52
0.421063	83.0789	5.10013e-53
0.421063	83.6518	2.01365e-53
0.421063	84.2248	8.49118e-54
0.421063	84.7978	3.80189e-54
0.421063	85.3707	1.79458e-54
0.421063	85.9437	8.84776e-55
0.421063	86.5166	4.49922e-55
0.421063	87.0896	2.31733e-55
0.421063	87.6625	1.1752e-55
0.421063	88.2355	5.58624e-56
0.421063	88.8085	2.24467e-56
0.421063	89.3814	5.60943e-57
0.421063	89.9544	2.96947e-59

0.42845	61.3065	3.21043e-12
0.42845	61.8794	2.86097e-14
0.42845	62.4524	2.59667e-16
0.42845	63.0254	4.18134e-17
0.42845	63.5983	9.92535e-17
0.42845	64.1713	5.054e-17
0.42845	64.7442	1.86371e-16
0.42845	65.3172	1.14789e-16
0.42845	65.8901	5.48543e-18
0.42845	66.4631	3.73233e-20
0.42845	67.0361	2.28101e-21
0.42845	67.609	1.29852e-20
0.42845	68.182	1.82319e-21
0.42845	68.7549	1.90027e-22
0.42845	69.3279	8.21635e-27
0.42845	69.9009	2.37933e-29
0.42845	70.4738	3.50226e-31
0.42845	71.0468	3.76219e-32
0.42845	71.6197	6.49911e-34
0.42845	72.1927	2.18502e-36
0.42845	72.7656	3.15952e-38
0.42845	73.3386	8.36006e-40
0.42845	73.9116	3.26826e-41
0.42845	74.4845	1.71404e-42
0.42845	75.0575	1.14108e-43
0.42845	75.6304	9.30159e-45
0.42845	76.2034	9.05102e-46
0.42845	76.7763	1.03158e-46
0.42845	77.3493	1.35705e-47
0.42845	77.9223	2.03644e-48
0.42845	78.4952	3.45278e-49
0.42845	79.0682	6.56141e-50
0.42845	79.6411	1.388e-50
0.42845	80.2141	3.24918e-51
0.42845	80.787	8.37272e-52
0.42845	81.36	2.36374e-52
0.42845	81.933	7.27867e-53
0.42845	82.5059	2.43426e-53
0.42845	83.0789	8.80415e-54
0.42845	83.6518	3.42817e-54
0.42845	84.2248	1.42998e-54
0.42845	84.7978	6.35285e-55
0.42845	85.3707	2.98442e-55
0.42845	85.9437	1.46876e-55
0.42845	86.5166	7.47632e-56
0.42845	87.0896	3.86388e-56
0.42845	87.6625	1.96974e-56
0.42845	88.2355	9.41995e-57
0.42845	88.8085	3.80695e-57
0.42845	89.3814	9.55362e-58
0.42845	89.9544	5.06596e-60

0.435837	61.3065	1.08486e-13
0.435837	61.8794	3.00354e-13
0.435837	62.4524	1.82918e-16
0.435837	63.0254	1.16535e-17
0.435837	63.5983	6.24309e-18
0.435837	64.1713	7.32995e-16
0.435837	64.7442	7.75953e-18
0.435837	65.3172	1.1959e-17
0.435837	65.8901	2.10359e-18
0.435837	66.4631	1.88349e-19
0.435837	67.0361	9.55821e-22
0.435837	67.609	6.35514e-22
0.435837	68.182	3.67735e-20
0.435837	68.7549	3.30133e-23
0.435837	69.3279	2.20727e-26
0.435837	69.9009	2.81698e-29
0.435837	70.4738	2.32541e-31
0.435837	71.0468	1.07973e-32
0.435837	71.6197	1.56003e-33
0.435837	72.1927	1.52884e-36
0.435837	72.7656	1.64593e-38
0.435837	73.3386	3.64737e-40
0.435837	73.9116	1.25006e-41
0.435837	74.4845	5.89436e-43
0.435837	75.0575	3.58682e-44
0.435837	75.6304	2.70469e-45
0.435837	76.2034	2.45713e-46
0.435837	76.7763	2.63416e-47
0.435837	77.3493	3.27978e-48
0.435837	77.9223	4.68341e-49
0.435837	78.4952	7.59181e-50
0.435837	79.0682	1.38515e-50
0.435837	79.6411	2.82419e-51
0.435837	80.2141	6.39497e-52
0.435837	80.787	1.59942e-52
0.435837	81.36	4.39678e-53
0.435837	81.933	1.32249e-53
0.435837	82.5059	4.3337e-54
0.435837	83.0789	1.54055e-54
0.435837	83.6518	5.91429e-55
0.435837	84.2248	2.4401e-55
0.435837	84.7978	1.07572e-55
0.435837	85.3707	5.03137e-56
0.435837	85.9437	2.47358e-56
0.435837	86.5166	1.26188e-56
0.435837	87.0896	6.55496e-57
0.435837	87.6625	3.36622e-57
0.435837	88.2355	1.62352e-57
0.435837	88.8085	6.61431e-58
0.435837	89.3814	1.66977e-58
0.435837	89.9544	8.87551e-61

0.443224	61.3065	1.88716e-14
0.443224	61.8794	3.75998e-13
0.443224	62.4524	2.08613e-16
0.443224	63.0254	4.74196e-18
0.443224	63.5983	9.88721e-19
0.443224	64.1713	2.71172e-18
0.443224	64.7442	2.09388e-18
0.443224	65.3172	5.63074e-16
0.443224	65.8901	3.36294e-17
0.443224	66.4631	1.05333e-19
0.443224	67.0361	7.81617e-22
0.443224	67.609	9.39442e-23
0.443224	68.182	1.36935e-19
0.443224	68.7549	8.49006e-24
0.443224	69.3279	9.53643e-26
0.443224	69.9009	4.3637e-29
0.443224	70.4738	1.87672e-31
0.443224	71.0468	4.46661e-33
0.443224	71.6197	1.54856e-31
0.443224	72.1927	1.24725e-36
0.443224	72.7656	9.26245e-39
0.443224	73.3386	1.68136e-40
0.443224	73.9116	4.99725e-42
0.443224	74.4845	2.10444e-43
0.443224	75.0575	1.16513e-44
0.443224	75.6304	8.09943e-46
0.443224	76.2034	6.85127e-47
0.443224	76.7763	6.89362e-48
0.443224	77.3493	8.10924e-49
0.443224	77.9223	1.1002e-49
0.443224	78.4952	1.70282e-50
0.443224	79.0682	2.97949e-51
0.443224	79.6411	5.84916e-52
0.443224	80.2141	1.27997e-52
0.443224	80.787	3.10452e-53
0.443224	81.36	8.30388e-54
0.443224	81.933	2.43811e-54
0.443224	82.5059	7.82376e-55
0.443224	83.0789	2.7322e-55
0.443224	83.6518	1.03379e-55
0.443224	84.2248	4.21771e-56
0.443224	84.7978	1.84509e-56
0.443224	85.3707	8.59475e-57
0.443224	85.9437	4.22405e-57
0.443224	86.5166	2.16228e-57
0.443224	87.0896	1.13108e-57
0.443224	87.6625	5.86608e-58
0.443224	88.2355	2.86183e-58
0.443224	88.8085	1.17894e-58
0.443224	89.3814	3.00107e-59
0.443224	89.9544	1.60062e-61

0.450611	61.3065	7.60339e-15
0.450611	61.8794	6.59166e-13
0.450611	62.4524	4.94167e-16
0.450611	63.0254	2.72827e-18
0.450611	63.5983	2.51548e-19
0.450611	64.1713	1.64398e-19
0.450611	64.7442	2.36784e-17
0.450611	65.3172	5.95591e-19
0.450611	65.8901	2.36803e-19
0.450611	66.4631	1.70094e-20
0.450611	67.0361	2.73846e-21
0.450611	67.609	2.82077e-23
0.450611	68.182	8.90809e-23
0.450611	68.7549	1.04748e-23
0.450611	69.3279	9.26154e-24
0.450611	69.9009	9.18543e-29
0.450611	70.4738	1.88219e-31
0.450611	71.0468	2.38633e-33
0.450611	71.6197	4.53234e-34
0.450611	72.1927	1.27018e-36
0.450611	72.7656	5.70038e-39
0.450611	73.3386	8.23247e-41
0.450611	73.9116	2.09436e-42
0.450611	74.4845	7.8167e-44
0.450611	75.0575	3.91728e-45
0.450611	75.6304	2.50089e-46
0.450611	76.2034	1.96404e-47
0.450611	76.7763	1.85044e-48
0.450611	77.3493	2.05258e-49
0.450611	77.9223	2.64157e-50
0.450611	78.4952	3.89817e-51
0.450611	79.0682	6.53312e-52
0.450611	79.6411	1.23354e-52
0.450611	80.2141	2.60613e-53
0.450611	80.787	6.12456e-54
0.450611	81.36	1.59266e-54
0.450611	81.933	4.56127e-55
0.450611	82.5059	1.43237e-55
0.450611	83.0789	4.91108e-56
0.450611	83.6518	1.83051e-56
0.450611	84.2248	7.3826e-57
0.450611	84.7978	3.20435e-57
0.450611	85.3707	1.48679e-57
0.450611	85.9437	7.30901e-58
0.450611	86.5166	3.75887e-58
0.450611	87.0896	1.98401e-58
0.450611	87.6625	1.04222e-58
0.450611	88.2355	5.16266e-59
0.450611	88.8085	2.15924e-59
0.450611	89.3814	5.56073e-60
0.450611	89.9544	2.98011e-62

0.457998	61.3065	6.9792e-15
0.457998	61.8794	6.66681e-15
0.457998	62.4524	7.85712e-15
0.457998	63.0254	2.26856e-18
0.457998	63.5983	9.08881e-20
0.457998	64.1713	2.40317e-20
0.457998	64.7442	8.48426e-20
0.457998	65.3172	8.94588e-20
0.457998	65.8901	1.46031e-19
0.457998	66.4631	3.60305e-20
0.457998	67.0361	1.73119e-21
0.457998	67.609	1.73802e-23
0.457998	68.182	5.30134e-24
0.457998	68.7549	2.50685e-22
0.457998	69.3279	1.3727e-25
0.457998	69.9009	2.50258e-28
0.457998	70.4738	2.43569e-31
0.457998	71.0468	1.59397e-33
0.457998	71.6197	8.62038e-35
0.457998	72.1927	1.90176e-36
0.457998	72.7656	3.90459e-39
0.457998	73.3386	4.3093e-41
0.457998	73.9116	9.23515e-43
0.457998	74.4845	3.02776e-44
0.457998	75.0575	1.36546e-45
0.457998	75.6304	7.97278e-47
0.457998	76.2034	5.79463e-48
0.457998	76.7763	5.09926e-49
0.457998	77.3493	5.32267e-50
0.457998	77.9223	6.48642e-51
0.457998	78.4952	9.11299e-52
0.457998	79.0682	1.46098e-52
0.457998	79.6411	2.65007e-53
0.457998	80.2141	5.39984e-54
0.457998	80.787	1.22837e-54
0.457998	81.36	3.10282e-55
0.457998	81.933	8.66084e-56
0.457998	82.5059	2.65954e-56
0.457998	83.0789	8.94653e-57
0.457998	83.6518	3.28294e-57
0.457998	84.2248	1.3082e-57
0.457998	84.7978	5.63192e-58
0.457998	85.3707	2.60282e-58
0.457998	85.9437	1.28039e-58
0.457998	86.5166	6.62262e-59
0.457998	87.0896	3.53444e-59
0.457998	87.6625	1.88693e-59
0.457998	88.2355	9.53496e-60
0.457998	88.8085	4.07082e-60
0.457998	89.3814	1.06563e-60
0.457998	89.9544	5.75056e-63

0.465385	61.3065	4.59573e-14
0.465385	61.8794	1.29392e-15
0.465385	62.4524	4.29799e-15
0.465385	63.0254	2.97793e-18
0.465385	63.5983	4.48006e-20
0.465385	64.1713	5.56044e-21
0.465385	64.7442	4.57636e-21
0.465385	65.3172	3.8801e-19
0.465385	65.8901	1.32934e-19
0.465385	66.4631	1.51035e-20
0.465385	67.0361	1.5956e-22
0.465385	67.609	4.22165e-23
0.465385	68.182	9.78124e-25
0.465385	68.7549	3.31278e-22
0.465385	69.3279	4.32535e-26
0.465385	69.9009	8.84841e-28
0.465385	70.4738	4.24659e-31
0.465385	71.0468	1.33309e-33
0.465385	71.6197	3.09535e-35
0.465385	72.1927	8.12052e-36
0.465385	72.7656	3.05839e-39
0.465385	73.3386	2.43153e-41
0.465385	73.9116	4.30265e-43
0.465385	74.4845	1.22628e-44
0.465385	75.0575	4.94408e-46
0.465385	75.6304	2.62801e-47
0.465385	76.2034	1.76156e-48
0.465385	76.7763	1.44395e-49
0.465385	77.3493	1.41518e-50
0.465385	77.9223	1.63005e-51
0.465385	78.4952	2.17685e-52
0.465385	79.0682	3.33376e-53
0.465385	79.6411	5.80225e-54
0.465385	80.2141	1.139e-54
0.465385	80.787	2.50555e-55
0.465385	81.36	6.14187e-56
0.465385	81.933	1.66939e-56
0.465385	82.5059	5.00863e-57
0.465385	83.0789	1.65176e-57
0.465385	83.6518	5.96278e-58
0.465385	84.2248	2.34612e-58
0.465385	84.7978	1.00128e-58
0.465385	85.3707	4.6078e-59
0.465385	85.9437	2.26849e-59
0.465385	86.5166	1.18107e-59
0.465385	87.0896	6.38605e-60
0.465385	87.6625	3.47758e-60
0.465385	88.2355	1.80292e-60
0.465385	88.8085	7.91523e-61
0.465385	89.3814	2.1207e-61
0.465385	89.9544	1.15606e-63

0.472772	61.3065	5.99619e-15
0.472772	61.8794	7.68934e-16
0.472772	62.4524	3.98795e-14
0.472772	63.0254	7.96382e-18
0.472772	63.5983	3.01352e-20
0.472772	64.1713	1.80088e-21
0.472772	64.7442	6.0228e-22
0.472772	65.3172	3.09864e-21
0.472772	65.8901	4.41263e-21
0.472772	66.4631	1.78018e-21
0.472772	67.0361	9.80769e-23
0.472772	67.609	3.26401e-23
0.472772	68.182	4.1945e-25
0.472772	68.7549	6.04098e-25
0.472772	69.3279	6.27499e-26
0.472772	69.9009	1.87499e-23
0.472772	70.4738	9.64074e-31
0.472772	71.0468	1.43165e-33
0.472772	71.6197	1.57307e-35
0.472772	72.1927	1.34836e-35
0.472772	72.7656	2.86966e-39
0.472772	73.3386	1.49513e-41
0.472772	73.9116	2.12876e-43
0.472772	74.4845	5.20908e-45
0.472772	75.0575	1.86346e-46
0.472772	75.6304	8.97088e-48
0.472772	76.2034	5.52472e-49
0.472772	76.7763	4.20589e-50
0.472772	77.3493	3.86119e-51
0.472772	77.9223	4.19533e-52
0.472772	78.4952	5.31664e-53
0.472772	79.0682	7.76667e-54
0.472772	79.6411	1.29534e-54
0.472772	80.2141	2.44685e-55
0.472772	80.787	5.19939e-56
0.472772	81.36	1.23562e-56
0.472772	81.933	3.26726e-57
0.472772	82.5059	9.56882e-58
0.472772	83.0789	3.09087e-58
0.472772	83.6518	1.09672e-58
0.472772	84.2248	4.2572e-59
0.472772	84.7978	1.79979e-59
0.472772	85.3707	8.2425e-60
0.472772	85.9437	4.06009e-60
0.472772	86.5166	2.12866e-60
0.472772	87.0896	1.16801e-60
0.472772	87.6625	6.51222e-61
0.472772	88.2355	3.48752e-61
0.472772	88.8085	1.59014e-61
0.472772	89.3814	4.40609e-62
0.472772	89.9544	2.43892e-64

0.480159	61.3065	6.13838e-16
0.480159	61.8794	2.28337e-15
0.480159	62.4524	5.63889e-16
0.480159	63.0254	1.52137e-16
0.480159	63.5983	2.86806e-20
0.480159	64.1713	7.79856e-22
0.480159	64.7442	1.25698e-22
0.480159	65.3172	1.36062e-22
0.480159	65.8901	5.85041e-21
0.480159	66.4631	7.10557e-21
0.480159	67.0361	9.2555e-22
0.480159	67.609	1.85679e-24
0.480159	68.182	6.51764e-25
0.480159	68.7549	4.59925e-26
0.480159	69.3279	2.25659e-24
0.480159	69.9009	5.9595e-28
0.480159	70.4738	2.0978e-30
0.480159	71.0468	2.06529e-33
0.480159	71.6197	1.05043e-35
0.480159	72.1927	7.78081e-37
0.480159	72.7656	3.54509e-39
0.480159	73.3386	1.01705e-41
0.480159	73.9116	1.12539e-43
0.480159	74.4845	2.32903e-45
0.480159	75.0575	7.32861e-47
0.480159	75.6304	3.17684e-48
0.480159	76.2034	1.79e-49
0.480159	76.7763	1.26154e-50
0.480159	77.3493	1.08207e-51
0.480159	77.9223	1.10674e-52
0.480159	78.4952	1.32857e-53
0.480159	79.0682	1.84844e-54
0.480159	79.6411	2.9502e-55
0.480159	80.2141	5.35595e-56
0.480159	80.787	1.09814e-56
0.480159	81.36	2.52734e-57
0.480159	81.933	6.4947e-58
0.480159	82.5059	1.85488e-58
0.480159	83.0789	5.86275e-59
0.480159	83.6518	2.04267e-59
0.480159	84.2248	7.81477e-60
0.480159	84.7978	3.26945e-60
0.480159	85.3707	1.48868e-60
0.480159	85.9437	7.33158e-61
0.480159	86.5166	3.87002e-61
0.480159	87.0896	2.15706e-61
0.480159	87.6625	1.23552e-61
0.480159	88.2355	6.8871e-62
0.480159	88.8085	3.30483e-62
0.480159	89.3814	9.62421e-63
0.480159	89.9544	5.45734e-65

0.487546	61.3065	1.79038e-16
0.487546	61.8794	1.1903e-15
0.487546	62.4524	1.15763e-16
0.487546	63.0254	7.93158e-17
0.487546	63.5983	4.23978e-20
0.487546	64.1713	4.46608e-22
0.487546	64.7442	3.65726e-23
0.487546	65.3172	1.56531e-23
0.487546	65.8901	1.3891e-22
0.487546	66.4631	3.3357e-22
0.487546	67.0361	6.76617e-23
0.487546	67.609	6.43977e-25
0.487546	68.182	8.84532e-25
0.487546	68.7549	1.17501e-26
0.487546	69.3279	1.1151e-24
0.487546	69.9009	2.2695e-28
0.487546	70.4738	5.31131e-30
0.487546	71.0468	4.09975e-33
0.487546	71.6197	9.13823e-36
0.487546	72.1927	2.16927e-37
0.487546	72.7656	7.49179e-39
0.487546	73.3386	7.82501e-42
0.487546	73.9116	6.4068e-44
0.487546	74.4845	1.10064e-45
0.487546	75.0575	3.01553e-47
0.487546	75.6304	1.16937e-48
0.487546	76.2034	6.00036e-50
0.487546	76.7763	3.90123e-51
0.487546	77.3493	3.11782e-52
0.487546	77.9223	2.99503e-53
0.487546	78.4952	3.3993e-54
0.487546	79.0682	4.49703e-55
0.487546	79.6411	6.85876e-56
0.487546	80.2141	1.19518e-56
0.487546	80.787	2.36163e-57
0.487546	81.36	5.25782e-58
0.487546	81.933	1.31169e-58
0.487546	82.5059	3.64929e-59
0.487546	83.0789	1.12743e-59
0.487546	83.6518	3.85283e-60
0.487546	84.2248	1.45104e-60
0.487546	84.7978	6.00007e-61
0.487546	85.3707	2.71274e-61
0.487546	85.9437	1.33405e-61
0.487546	86.5166	7.08269e-62
0.487546	87.0896	4.00973e-62
0.487546	87.6625	2.36483e-62
0.487546	88.2355	1.38259e-62
0.487546	88.8085	7.10278e-63
0.487546	89.3814	2.23048e-63
0.487546	89.9544	1.3168e-65

0.494933	61.3065	8.40046e-17
0.494933	61.8794	7.77346e-17
0.494933	62.4524	1.43777e-16
0.494933	63.0254	1.49488e-16
0.494933	63.5983	1.24493e-19
0.494933	64.1713	3.43045e-22
0.494933	64.7442	1.40884e-23
0.494933	65.3172	2.91042e-24
0.494933	65.8901	4.3955e-24
0.494933	66.4631	1.12294e-22
0.494933	67.0361	2.46098e-23
0.494933	67.609	7.29015e-25
0.494933	68.182	2.70186e-26
0.494933	68.7549	1.05498e-26
0.494933	69.3279	4.21386e-27
0.494933	69.9009	3.99184e-28
0.494933	70.4738	1.29666e-27
0.494933	71.0468	8.54949e-33
0.494933	71.6197	1.06712e-35
0.494933	72.1927	1.01639e-37
0.494933	72.7656	1.71342e-37
0.494933	73.3386	7.05598e-42
0.494933	73.9116	3.96748e-44
0.494933	74.4845	5.52496e-46
0.494933	75.0575	1.30224e-47
0.494933	75.6304	4.48381e-49
0.494933	76.2034	2.08446e-50
0.494933	76.7763	1.24545e-51
0.494933	77.3493	9.24634e-53
0.494933	77.9223	8.32206e-54
0.494933	78.4952	8.91236e-55
0.494933	79.0682	1.11917e-55
0.494933	79.6411	1.62867e-56
0.494933	80.2141	2.72041e-57
0.494933	80.787	5.17405e-58
0.494933	81.36	1.11302e-58
0.494933	81.933	2.69258e-59
0.494933	82.5059	7.28915e-60
0.494933	83.0789	2.19862e-60
0.494933	83.6518	7.36053e-61
0.494933	84.2248	2.72529e-61
0.494933	84.7978	1.11216e-61
0.494933	85.3707	4.98452e-62
0.494933	85.9437	2.44314e-62
0.494933	86.5166	1.30209e-62
0.494933	87.0896	7.47542e-63
0.494933	87.6625	4.54035e-63
0.494933	88.2355	2.80043e-63
0.494933	88.8085	1.5715e-63
0.494933	89.3814	5.54767e-64
0.494933	89.9544	3.52341e-66

