1.57745
1.38482
1.2934
0.40894
0.945597
0.599748
0.786786
1.19828
0.481937
0.602437
1.75322
0.925588
1.64523
1.92257
0.329095
1.58367
1.08963
1.28153
0.405549
0.786108
1.74632
2.96368
0.570913
0.799964
0.458803
0.376478
0.513716
0.651843
0.574641
1.14744
1.40537
1.15763
0.472709
1.94207
1.59729
1.49894
1.37374
1.42958
1.1215
1.21622
0.525405
2.56773
0.380664
1.07008
0.811303
0.378212
0.632221
0.880087
1.25774
0.588447
1.48228
0.86505
0.643009
0.63244
0.555351
0.694972
1.23295
0.618623
0.376094
2.04453
1.41204
1.36296
0.741725
0.740228
0.660614
0.96375
1.03332
0.726611
1.39448
0.526094
0.562495
0.489669
0.472858
1.09558
0.679603
0.465032
0.408576
1.4811
2.09901
1.09167
0.539425
3.03723
0.6673
1.60929
0.693633
1.78663
0.297322
0.533957
0.367294
1.51619
1.29039
1.25118
1.04616
0.955473
0.986222
1.09955
1.7119
1.05817
0.543637
0.875853
0.34081
1.80941
0.676132
0.692294
0.64479
0.486056
0.902145
0.358442
1.91563
1.88544
0.599807
0.751514
0.784385
1.58615
0.471463
0.537849
0.915012
0.363286
1.35947
0.535709
0.443905
0.458191
1.29239
0.633778
0.585339
0.440927
2.12877
1.91451
0.405552
0.646872
1.26129
1.35234
1.35759
0.461307
0.600551
1.69548
0.561158
0.539785
1.63038
0.862351
0.693515
0.605171
0.751145
0.574275
0.911956
0.967117
0.458832
0.981077
1.07707
1.46698
0.600772
1.70206
