26.8819
31.8605
37.3285
29.0316
31.7197
34.7862
31.5342
30.8576
30.4052
33.0549
27.4097
31.0423
31.7311
33.7022
36.16
31.3226
27.1537
35.8728
28.096
30.0337
37.3127
35.3395
34.606
31.3118
29.7494
30.4469
37.9991
30.0189
29.8682
30.8805
36.3523
29.3559
32.9224
31.1105
28.9686
33.5224
29.5634
26.7956
32.6037
30.3875
32.8939
35.0269
29.6086
31.6921
30.378
29.8829
34.3028
33.0811
31.6298
29.4752
31.0709
30.596
29.6642
25.8363
28.626
30.4276
29.7503
31.9069
28.559
29.0761
32.2906
33.4041
29.4995
33.6973
29.1038
28.886
36.7491
28.9853
32.9709
35.2958
39.1359
34.0844
29.9104
36.6275
28.2058
32.3493
31.7863
34.6662
25.9638
26.945
31.631
27.8261
35.3659
33.7455
32.6333
35.716
27.1429
27.414
31.5866
31.7851
30.2757
30.4909
26.8959
28.8809
33.1915
33.8446
33.8431
31.9089
31.8888
30.0716
28.2758
28.5412
33.7522
27.0597
33.22
31.5805
40.1118
31.7206
27.4947
33.8997
38.5099
33.9754
33.3306
28.3852
35.3159
29.2699
30.6133
30.6286
26.2755
33.52
27.5661
28.4274
32.8128
30.4959
29.0699
36.5106
31.6905
32.3023
34.6316
32.4678
30.8464
32.7862
29.4162
30.0358
26.8982
34.2546
29.4619
32.5564
30.9906
35.2789
40.5849
27.1594
31.7993
35.3537
31.9819
26.5192
29.1118
30.7362
29.277
34.2869
26.8827
36.3125
34.4879
28.1917
30.6589
32.1095
32.8508
31.7874
33.138
34.3215
26.3078
29.861
29.3689
35.3024
35.272
29.5758
33.5023
31.1689
33.7121
29.5091
35.3161
30.7397
29.4347
30.9596
26.652
31.2303
42.2698
28.7985
36.4468
33.4403
32.3218
38.8523
32.0173
30.2609
32.9145
31.9733
31.826
29.6695
30.8089
29.2756
28.0617
31.82
33.115
27.6994
29.0361
33.9716
32.8794
29.1255
31.3318
35.8722
29.2585
38.6607
30.8302
31.6579
34.0229
32.5106
36.5446
32.238
34.6922
30.9347
30.9054
29.883
38.9253
31.025
27.2048
28.944
36.1178
36.5586
27.9905
32.2549
28.5642
27.5092
28.9115
26.6388
32.7177
32.3426
28.8473
29.2378
29.4751
32.4622
31.1092
29.7024
30.405
30.9876
28.2887
35.8002
31.9443
29.339
28.1503
32.4594
33.8533
27.3735
30.6574
37.7289
33.3149
28.0666
33.1542
30.4319
29.2443
27.5272
35.464
33.4779
30.2272
27.3567
30.7492
31.7211
28.668
31.1321
34.9666
30.2934
27.5825
31.1564
32.8405
31.6544
37.9048
38.0752
25.9783
28.4126
30.5479
38.8694
30.6786
30.7887
31.8237
32.2847
35.2497
29.0093
37.7273
32.9504
38.5476
35.2042
31.7841
30.4323
38.817
26.3043
30.5868
34.7606
29.5045
34.1985
34.5867
33.6941
28.3089
37.1787
35.2152
31.2147
36.0215
31.9868
37.4118
28.1824
33.4045
32.0485
29.9142
33.7391
34.674
33.0745
37.5367
28.4906
28.1063
29.8839
32.4121
25.3914
31.4325
29.0855
29.3606
32.6065
31.7291
33.66
29.2726
31.8989
29.5049
28.5055
34.5965
29.7615
31.3722
33.7364
36.2352
34.121
28.4062
29.5642
34.7401
31.8902
28.7635
34.2559
29.9274
31.3812
28.4849
32.7641
33.6116
30.5771
28.5353
24.5822
30.0348
31.8773
30.5804
29.7342
30.1835
29.9992
31.9057
29.1888
33.0882
35.5031
36.1225
35.3075
33.1584
29.6501
30.7732
31.4926
36.624
28.4145
37.7875
30.6878
34.5096
29.4044
29.645
31.692
27.1506
37.711
32.2922
30.7123
31.3355
30.9271
28.7776
30.8356
29.5285
36.6343
34.4169
28.0352
30.0041
29.9475
29.6073
26.71
27.8023
31.018
33.7049
31.3643
34.4037
30.5477
32.4126
35.5624
30.3531
28.9905
32.4685
26.3005
32.2748
34.9932
27.6277
28.515
30.6729
31.6869
29.2591
32.592
27.6321
33.1159
27.5923
28.183
32.9555
35.2101
29.1218
37.2881
33.1467
32.8327
30.6182
26.8572
37.308
30.7049
31.7693
28.182
35.9054
28.9355
32.2491
27.1178
29.5971
35.9298
32.078
29.3746
28.1526
29.8092
32.7738
33.4216
38.9786
29.1787
31.5433
34.3616
36.3422
33.3712
32.4949
34.2681
30.8288
30.3106
27.6792
31.2748
36.5114
31.1249
29.9584
31.7047
29.5732
29.6678
27.838
31.7116
30.0906
34.2232
33.9154
30.8722
25.9652
30.5596
29.9157
26.0776
35.4345
29.5578
33.9401
30.4694
29.5648
30.2808
28.9274
31.4322
29.5639
24.7539
30.1934
32.708
35.3405
33.6786
33.3382
29.789
31.5728
37.1739
35.6423
32.129
31.2578
31.4115
29.3896
27.7534
31.6774
31.281
30.7037
43.2624
32.9651
28.8633
35.9055
36.8155
29.7434
34.7795
31.0609
29.6865
29.4474
32.6053
29.5022
30.23
36.8563
30.0372
37.2011
30.9473
28.3931
35.8941
27.5819
27.1965
36.3843
29.8633
30.112
28.4944
29.284
26.4159
28.8228
27.1218
33.7555
26.1437
27.8178
32.4669
27.3864
30.2694
31.3933
32.7393
34.4657
31.4299
33.8682
31.0674
29.527
31.7004
26.9977
33.663
28.2421
28.9855
29.8003
32.8733
35.9235
28.0125
27.7752
29.6327
26.4466
25.4288
36.1322
28.9902
29.0405
30.4965
28.654
27.9168
34.49
31.3656
34.3245
35.1459
30.5756
33.9846
31.3534
31.7996
28.4786
32.3707
29.1267
40.7569
32.5147
27.4698
36.8802
30.3195
27.3269
29.7956
35.9568
35.2166
28.6302
31.7788
33.2507
29.4867
34.7239
30.4443
29.326
30.4254
36.2029
31.6152
26.3496
36.7528
29.7072
28.6692
30.01
28.1927
27.4935
30.4694
32.3818
29.8017
28.8408
34.9925
29.224
32.982
31.4575
29.7936
29.389
32.8638
38.7372
32.1236
28.1028
33.6264
31.3606
26.895
30.4363
27.6388
37.4893
29.4726
35.5222
28.0213
30.7688
36.8968
30.4608
28.2556
36.1789
31.7735
31.462
34.142
35.6876
36.5565
27.273
31.0737
31.9872
29.8001
35.1266
27.2184
28.6193
30.7058
34.2184
35.7801
32.8247
30.6661
36.6847
30.8196
29.3523
31.8771
32.8168
29.5456
31.3799
31.8938
31.9733
27.21
40.1889
30.7808
29.238
29.0008
26.912
35.1244
35.7097
26.7077
31.1247
36.8392
34.689
34.0795
31.5415
30.0403
31.714
33.8659
29.3997
35.9471
30.4716
31.3505
34.2847
31.0794
31.3465
30.5165
33.5528
33.1943
35.593
29.2933
31.8258
35.9416
31.292
28.1114
28.7006
31.4445
28.561
35.1913
31.2541
30.828
30.3402
30.6916
29.9593
34.0149
29.9404
27.4295
25.2546
33.7905
32.5649
32.378
25.1105
