132.472
150.001
136.9
135.521
134.927
148.321
150.033
141.09
190.612
145.273
138.977
141.714
135.182
134.355
150.618
136.552
136.935
140.051
144.228
139.663
145.383
153.874
132.535
146.191
141.221
131.76
154.872
137.912
130.232
131.737
158.396
132.316
152.922
147.256
148.608
151.725
144.018
142.099
161.26
144.043
136.66
130.194
128.454
141.36
145.263
148.299
130.789
131.597
155.541
155.942
160.479
153.11
140.272
143.186
154.182
129.558
149.058
130.818
133.851
140.047
129.638
136.461
144.596
145.34
124.63
153.409
153.828
148.297
133.233
138.763
130.268
150.988
131.205
128.826
144.731
134.194
148.435
155.814
136.668
165.148
126.862
163.949
145.998
139.37
119.649
139.907
131.8
157.7
166
148.772
165.769
155.268
159.361
146.107
121.749
139.318
137.999
129.468
150.905
147.165
173.957
152.453
146.453
151.367
141.973
141.669
144.163
144.522
154.983
137.197
127.975
157.168
155.751
139.563
148.603
140.347
143.457
134.044
147.191
136.444
152.517
140.894
141.988
148.612
138.29
141.856
140.622
148.471
133.645
154.379
140.296
144.678
130.62
138.186
135.38
132.996
139.151
129.59
129.328
145.847
142.241
153.116
128.809
129.721
141.676
140.53
138.517
146.61
131.373
153.997
137.227
154.069
135.717
137.521
165.206
146.615
139.098
165.111
134.486
130.81
141.417
154.774
183.971
134.05
132.537
144.663
143.128
160.812
133.641
132.438
139.058
152.882
136.173
144.148
144.707
138.198
157.717
137.567
131.16
145.208
140.957
131.71
134.125
141.914
138.248
127.194
133.312
167.268
143.849
164.742
144.783
131.171
148.826
132.468
128.264
148.389
135.646
146.158
145.626
145.602
140.443
161.675
137.354
149.396
135.867
131.636
149.648
157.303
133.423
132.544
136.463
136.438
125.881
136.147
151.038
156.04
139.276
143.849
144.427
132.833
150.133
141.878
152.392
141.709
134.058
140.019
146.612
147.255
151.607
128.569
131.65
148.211
157.332
165.212
147.841
131.825
148.979
141.602
130.838
147.114
139.083
146.238
129.925
135.692
144.458
163.798
159.852
138.492
124.526
149.679
149.659
132.667
146.391
144.247
136.573
151.714
153.908
154.713
144.538
140.572
130.834
138.589
133.851
135.065
137.119
150.358
137.084
139.396
137.187
132.646
133.438
138.621
142.027
146.361
133.8
120.189
141.687
161.337
137.648
146.278
148.269
149.997
122.571
139.057
136.658
145.294
129.03
179.648
142.633
142.171
152.523
140.681
133.789
129.704
160.064
140.342
130.59
135.512
130.772
147.449
130.989
141.008
138.051
141.007
129.132
127.195
123.295
147.897
148.155
148.635
145.087
141.487
137.866
138.435
139.366
146.609
135.721
140.466
137.167
136.25
141.623
153.123
149.3
128.17
141.079
144.613
139.197
154.997
133.59
144.488
138.023
152.519
146.247
153.424
136.616
140.924
165.233
143.001
136.024
143.126
147.852
135.838
135.08
152.985
146.894
141.062
137.85
130.229
137.704
147.927
135.666
132.162
148.696
153.85
151.542
157.845
151.774
131.296
156.131
127.218
150.887
149.196
132.28
139.761
136.143
136.939
136.16
132.766
143.795
135.06
134.901
145.021
156.136
170.273
150.597
144.368
131.91
145.658
133.707
132.772
131.021
144.055
136.257
130.927
140.206
122.597
148.222
131.605
159.42
123.213
124.873
144.629
130.801
133.345
126.53
131.011
128.876
139.46
137.171
183.077
134.88
139.768
148.737
145.105
146.604
152.365
142.016
147.213
156.037
156.069
138.726
138.615
147.188
131.501
133.302
149.941
145.479
136.756
132.735
141.353
132.674
129.436
141.413
137.999
148.525
157.315
144.7
138.048
136.156
166.865
134.906
136.97
142.666
160.597
130.029
147.325
148.25
138.797
152.046
152.724
157.385
118.299
154.726
134.694
161.923
132.954
130.84
145.215
160.468
138.087
152.499
151.69
166.608
136.58
158.055
150.992
138.686
133.37
144.151
167.736
131.754
136.504
148.822
127.88
148.436
143.007
154.385
162.2
155.985
128.835
134.567
131.887
136.023
151.363
160.201
142.338
156.356
156.959
141.476
119.935
154.665
143.129
143.371
142.076
140.94
137.115
148.556
150.872
134.319
141.412
141.919
155.072
149.533
141.931
155.212
140.772
140.818
166.919
150.988
158.049
156.825
137.049
147
153.703
159.061
130.648
133.259
122.536
146.209
126.939
145.997
130.349
136.787
139.94
157.2
128.869
128.815
154.033
151.414
133.138
132.751
119.956
136.01
160.823
143.671
147.171
151.957
162.329
148.995
133.675
131.835
142.691
158.215
152.807
153.216
136.996
150.477
128.11
144.12
172.903
140.878
145.048
131.887
162.061
169.043
157.147
131.882
156.735
152.389
141.303
150.994
127.474
138.899
151.688
161.496
171.68
141.81
147.191
156.34
131.044
170.934
126.801
148.077
150.463
126.373
148.945
147.472
135.449
151.446
132.392
161.087
168.341
150.907
147.67
138.421
136.733
157.126
134.229
155.865
125.188
132.892
133.226
145.789
142.895
196.385
127.945
157.921
141.834
143.596
164.214
141.646
141.895
156.216
135.134
178.096
153.078
154.577
145.808
167.516
148.963
133.917
152.747
146.639
141.322
133.675
136.046
134.092
144.325
136.978
145.62
157.313
158.35
126.029
158.194
135.425
131.984
129.115
139.666
144.899
156.998
133.733
147.933
141.65
137.331
143.526
142.245
139.267
157.266
154.566
139.819
134.4
137.725
138.908
156.908
165.479
135.823
132.563
150.079
145.734
137.28
148.333
141.743
153.727
153.774
132.2
126.952
126.488
135.865
149.285
132.726
131.017
131.045
133.242
143.772
147.505
133.924
140.918
124.376
143.157
149.941
157.385
148.195
138.195
129.674
150.331
135.152
130.166
152.113
140.118
144.339
164.837
149.531
141.655
161.344
128.407
150.417
156.278
135.174
147.83
133.201
143.921
162.298
132.272
150.711
132.924
143.772
162.679
141.338
150.565
164.138
135
135.091
141.253
153.955
156.321
144.627
137.527
153.198
156.556
124.827
133.818
141.241
131.582
127.741
145.683
150.03
158.636
141.149
133.9
137.7
138.335
147.913
153.008
124.263
150.835
136.216
137.309
140.734
152.886
158.433
138.446
158.061
132.634
136.623
147.882
142.765
147.105
147.516
133.981
137.744
138.991
148.556
154.527
130.72
140.706
139.766
149.833
125.405
150.929
164.157
148.362
132.135
137.344
144.315
145.543
163.36
143.742
155.849
144.576
124.797
131.834
173.802
139.043
134.84
143.698
149.061
163.688
172.27
129.68
152.203
137.426
154.041
159.985
172.35
143.348
130.334
140.666
131.534
149.713
145.594
145.907
144.233
150.906
142.122
136.409
153.385
148.536
139.145
152.972
129.129
142.065
137.437
190.654
159.199
151.338
161.311
134.624
130.091
129.721
135.181
150.393
166.932
142.781
162.418
134.565
132.176
147.918
134.515
132.35
147.375
136.702
125.997
126.027
152.807
129.485
145.547
146.461
144.049
156.315
146.28
138.442
147.085
142.844
140.055
125.878
149.533
139.83
161.975
143.4
153.068
126.747
154.059
140.573
155.78
144.673
161.859
133.675
135.967
140.145
143.842
139.369
139.197
142.617
138.609
143.46
129.541
137.969
135.181
147.675
140.49
147.197
129.882
144.184
153.926
137.206
145.522
141.268
144.948
131.424
133.64
146.361
135.107
137.34
145.129
142.689
136.298
149.13
145.687
148.128
133.826
135.79
127.09
189.282
140.087
129.075
147.461
119.871
147.173
166.858
136.372
155.827
135.398
140.988
151.416
153.983
136.595
141.955
150.556
159.588
147.728
139.431
138.802
141.879
179.714
134.195
146.446
146.493
146.697
141.504
154.598
156.84
149.953
134.633
155.913
160.781
143.975
136.289
135.138
140.668
134.337
165.952
140.574
140.018
130.252
152.568
134.927
139.587
152.837
131.14
120.539
128.077
162.419
148.089
163.677
130.594
146.203
144.476
142.181
140.955
143.057
150.034
138.212
135.507
124.474
162.587
142.571
136.494
171.422
126.657
145.21
148.202
131.937
136.678
138.804
136.836
150.495
133.908
179.781
139.613
147.007
121.911
142.143
141.664
143.316
143.05
145.262
147.283
149.009
154.274
143.755
126.114
138.243
144.901
153.598
133.406
154.357
143.378
130.515
143.908
142.392
131.282
135.289
159.775
149.566
126.184
138.655
162.381
148.748
145.522
136.313
137.622
145.343
136.105
137.762
139.86
134.526
160.543
138.26
137.302
141.075
137.978
149.017
145.109
139.219
145.567
145.883
151.117
138.4
142.112
137.875
156.384
167.492
148.51
136.734
152.694
145.232
128.662
151.516
138.007
169.784
