3.63093
2.42893
2.60435
4.087
1.99891
4.70504
2.45766
3.66943
2.22758
3.28932
2.06445
1.87593
3.71961
2.47888
2.49124
2.55255
2.50772
2.34728
2.35624
2.83005
2.52713
2.33315
3.20406
3.48821
1.92145
3.19624
2.144
4.67868
2.68779
3.4596
2.89914
3.9776
2.11133
3.24336
1.78737
3.15657
1.89813
3.01627
2.89967
3.21192
2.21469
4.08698
3.18942
3.34109
3.83221
3.9557
2.20976
2.61272
2.30435
1.74713
3.2987
2.64231
2.74088
4.49429
2.94108
3.01751
3.09957
2.46621
2.70895
3.01078
2.53109
3.02576
3.62103
1.78443
3.60435
3.05069
3.58253
2.06018
4.77906
2.66926
2.57789
2.1069
4.04078
3.47724
2.84898
4.24839
2.79537
3.14274
4.97797
3.34036
3.36066
2.73813
2.12359
2.55114
5.78365
2.9081
3.05088
2.21822
2.81215
1.86115
3.04007
2.72925
3.02237
5.01132
3.0642
4.41919
1.93155
3.58113
1.77459
2.09409
2.57622
2.50684
2.22494
2.27672
2.02227
2.02702
3.1567
2.87536
4.07171
3.19467
2.10518
2.53678
3.04117
2.02748
3.01068
3.95735
2.5685
3.44993
2.70923
2.93525
2.58637
1.87793
2.42481
3.56625
3.48178
3.75736
2.65693
2.77194
2.92656
2.27736
4.4295
3.10572
3.77391
2.17332
2.78218
1.81019
2.66616
3.81937
2.77414
3.58347
2.0535
2.28292
2.69614
1.9149
3.05563
2.99955
2.28428
2.3886
5.04446
3.54859
2.08861
4.04678
3.03584
3.87786
3.88399
4.39129
2.06666
2.07708
3.75214
1.90335
2.56435
2.6649
2.094
3.88055
2.64271
2.29035
1.73049
4.12632
3.77885
3.21803
2.51249
3.25727
1.9406
3.01839
2.91283
2.66799
4.80939
3.09082
3.42706
3.6608
3.19854
3.17114
4.33178
2.33589
3.53103
2.26492
2.63353
2.2906
2.67606
2.76249
1.97017
3.20514
2.34132
2.888
5.06063
2.48131
3.4548
2.13311
5.57852
3.0289
3.28625
3.68294
2.88489
2.93694
3.13031
3.70654
2.31736
3.69419
2.07048
4.5545
2.32872
2.26209
2.50047
3.7789
2.81501
2.44264
2.38233
2.10109
2.55705
2.48649
2.33589
4.39849
2.48374
2.73579
3.23097
3.51625
3.84532
2.96639
3.48613
3.49417
1.78528
2.06241
1.98692
2.52355
2.64046
3.44742
2.48418
4.31802
3.36652
2.5013
5.63093
2.98107
1.97976
2.26811
2.64886
3.47722
5.66622
2.88205
2.04481
2.36289
4.21314
5.18745
3.78756
4.59211
2.97605
2.87421
3.74385
3.02634
2.17374
2.02418
2.0642
3.86232
2.69107
