236.688
212.002
253.019
297.024
246.651
271.025
273.217
279.21
244.9
355.238
254.779
255.374
269.002
265.783
299.223
253.481
251.644
332.797
293.309
264.718
248.96
298.771
268.507
299.419
251.368
282.87
321.921
268.791
243.54
250.636
285.777
301.793
263.15
262.167
292.886
282.743
265.445
251.317
255.46
296.071
283.901
267.555
352.674
252.647
232.243
299.724
241.161
251.734
288.156
262.218
245.722
290.057
282.945
276.025
236.657
267.467
287.591
298.72
302.647
238.262
262.77
254.336
259.511
255.013
272.112
260.259
240.154
286.573
275.763
299.565
265.048
285.734
249.316
250.388
263.915
225.318
287.538
276.121
240.707
284.311
292.115
295.927
290.353
263.147
253.012
268.461
289.357
292.354
263.39
292.876
249.399
297.028
268.471
255.726
285.947
258.675
276.669
255.762
253.009
311.4
259.811
294.601
269.178
300.425
327.688
290.123
258.683
282.411
272.519
271.392
268.249
259.919
264.043
256.402
253.036
304.253
259.147
247.659
276.671
279.965
256.24
254.012
301.369
255.741
306.143
257.916
275.538
295.851
253.807
254.821
254.779
268.93
288.04
293.792
237.105
251.142
254.956
260.054
262.258
263.371
243.374
268.724
276.404
279.743
299.037
269.866
258.854
261.805
280.269
301.315
328.671
282.075
275.278
262.076
289.366
243.746
251.945
265.971
273.397
237.899
287.889
260.725
294.967
246.44
267.006
313.157
293.819
240.998
293.349
246.597
293.92
262.299
287.41
262.312
244.403
263.392
263.774
312.317
237.424
261.513
317.294
286.089
302.317
318.183
259.477
287.658
299.711
247.619
250.066
277.666
252.633
354.878
271.029
312.113
247.189
256.947
278.032
278.235
252.211
246.246
288.428
298.64
243.467
289.538
245.05
290.738
277.654
284.776
273.712
282.016
262.079
250.367
288.923
253.048
289.638
264.727
243.974
252.643
274.11
234.888
271.042
244.662
263.467
269.103
256.263
353.25
277.204
258.678
235.605
286.018
257.507
302.894
260.078
254.717
266.55
285.701
253.917
260.806
300.314
301.234
313.093
257.105
263.198
261.721
249.104
282.535
285.902
240.576
256.361
257.674
282.296
297.324
291.288
292.115
273.727
279.538
242.979
273.027
258.598
279.183
252.669
250.653
259.364
291.462
274.264
256.557
251.872
288.431
293.134
248.738
293.213
256.097
248.895
262.418
305.473
320.501
288.992
265.242
273.571
313.329
294.307
320.663
263.556
273.272
273.382
244.724
255.731
314.913
258.643
252.372
293.58
275.913
237.493
293.589
268.869
233.592
251.539
275.739
270.695
330.888
256.799
241.474
266.852
229.939
254.722
255.789
267.307
241.082
241.796
253.667
309.91
289.847
264.153
273.802
260.604
305.69
247.347
289.459
276.853
301.24
271.518
266.581
369.446
304.532
263.025
245.321
300.653
277.049
262.788
336.877
251.457
272.284
297.901
272.707
255.223
264.505
268.216
249.706
275.568
237.33
224.273
262.217
262.852
283.65
278.853
238.207
288.122
299.003
252.346
263.02
280.705
243.84
282.961
289.038
279.328
281.717
236.518
299.341
299.457
307.687
273.404
253.294
280.656
293.112
288.547
284.557
263.483
333.094
280.281
302.63
277.584
239.574
266.789
287.261
265.433
267.424
291.779
300.99
293.092
261.424
272.623
310.253
284.96
277.42
271.773
268.075
275.396
236.237
262.528
285.488
294.341
276.584
293.777
285.475
258.993
277.795
268.437
277.447
254.703
282.59
269.061
286.507
278.73
253.037
277.776
269.559
254.907
266.487
259.652
259.509
234.536
253.752
263.371
285.475
266.844
265.323
279.315
283.961
273.333
281.221
261.44
274.858
263.67
233.745
292.901
274.538
239.041
322.982
262.6
308.53
282.469
305.176
260.351
306.986
265.418
330.863
241.658
262.962
248.307
273.457
250.89
254.236
253.416
219.339
258.894
272.466
234.345
297.533
281.132
274.899
290.019
265.895
282.28
299.893
294.579
245.915
271.269
255.43
264.524
275.147
260.734
234.057
273.455
267.04
273.377
245.721
288.179
295.347
306.717
259.16
290.405
310.655
286.709
299.627
246.727
259.978
277.992
247.414
283.176
305.641
251.232
298.966
250.443
271.142
262.601
271.575
329.799
250.205
254.333
280.467
319.837
294.321
266.498
272.875
302.492
266.003
302.012
254.746
280.902
251.536
334.984
249.77
245.6
285.751
277.731
274.936
251.189
270.018
232.947
234.472
270.344
242.502
267.965
313.802
261.983
346.186
274.124
288.8
265.153
336.047
315.5
262.446
259.891
250.322
254.295
250.943
278.578
253.914
254.45
242.12
352.687
341.171
252.765
279.94
255.667
271.458
237.592
247.021
270.346
246.569
247.542
247.094
258.792
263.002
258.226
257.527
285.356
245.871
239.191
281.92
293.896
222.184
282.668
238.41
246.128
259.645
247.368
272.81
274.519
306.079
259.918
265.782
270.563
264.649
247.09
229.429
286.734
246.821
242.273
273.255
248.465
319.722
256.741
267.304
292.396
256.464
249.863
268.814
276.045
307.397
282.572
250.429
258.726
289.672
275.241
266.373
307.101
270.704
287.151
306.224
252.805
269.537
264.745
279.481
299.447
312.067
258.717
246.192
273.321
272.404
248.285
305.958
286.024
249.773
262.301
274.986
256.938
290.572
268.218
264.866
309.077
298.085
249.394
249.819
277.453
257.907
274.567
238.818
249.236
309.255
294.268
263.857
273.018
275.252
260.857
245.076
249.872
315.94
268.332
243.191
252.115
259.447
268.958
280.78
251.423
254.541
288.436
305.771
232.825
239.666
289.841
248.047
306.995
263.49
312.208
238.28
270.418
249.472
248.659
278.367
289.259
249.191
297.859
306.684
249.848
313.719
300.804
267.334
280.118
245.714
287.819
267.301
299.671
283.238
249.779
303.294
286.773
286.528
261.178
308.658
287.688
263.878
294.165
292.14
253.451
266.52
266.981
275.006
266.636
309.276
271.638
291.152
275.485
284.491
279.801
248.541
268.547
284.409
266.837
258.078
225.747
259.218
307.155
296.432
278
297.21
283.387
269.159
274.071
274.656
273.847
273.895
256.081
280.983
237.853
257.648
248.49
257.474
276.702
244.59
278.956
283.635
323.91
257.589
282.86
253.725
264.33
250.458
272.842
282.593
316.279
269.236
260.475
252.137
240.302
257.504
237.666
281.331
286.982
250.907
275.271
248.206
253.7
276.923
268.266
297.268
251.537
273.024
313.153
255.808
298.342
251.628
319.028
263.485
244.235
273.056
311.877
248.029
303.205
249.194
239.569
230.335
262.355
312.643
258.947
296.559
234.089
234.574
279.723
249.057
272.99
309.596
309.122
328.657
267.204
314.246
262.128
313.098
300.468
230.247
248.171
257.546
266.492
255.919
277.218
314.877
312.575
296.776
268.915
261.229
281.945
252.74
297.091
232.497
270.104
296.622
269.575
355.267
319.087
259.929
349.221
319.543
263.712
290.406
270.477
300.141
261.926
255.16
301.587
298.547
234.781
284.003
277.062
252.335
233.517
319.835
325.471
257.871
254.774
247.353
262.314
258.496
248.725
274.507
242.654
237.715
282.735
258.672
254.732
276.277
275.617
233.482
247.68
266.227
316.729
243.385
277.899
267.576
243.209
266.267
267.344
285.03
271.577
343.274
232.412
278.519
296.953
284.093
294.244
247.226
281.923
249.382
277.648
324.865
268.162
300.912
247.66
330.074
263.898
226.898
280.461
270.019
306.947
284.262
270.582
269.219
262.989
300.587
247.49
330.711
273.593
242.758
264.125
240.851
259.445
287.754
265.664
275.09
256.253
264.122
285.025
248.014
243.644
250.755
272.252
268.251
235.61
278.49
279.669
248.546
265.955
288.412
280.884
398.245
261.539
266.481
274.409
286.39
265.339
267.922
289.047
281.776
296.836
287.7
296.875
266.199
301.034
280.986
278.246
299.804
284.332
258.22
278.251
259.06
339.37
293.936
256.223
255.108
257.146
306.051
262.312
243.774
289.226
262.222
267.902
267.397
271.231
241.502
271.255
249.208
259.163
270.816
278.868
290.105
285.204
253.543
255.538
238.981
246.281
314.808
289.521
249.418
240.485
275.288
231.784
261.13
268.159
275.599
282.524
263.701
271.406
297.664
250.083
291.411
300.387
239.041
242.963
268.904
266.045
244.249
289.867
239.325
277.733
268.317
257.822
324.941
279.928
308.593
252.716
256.437
295.012
301.758
285.546
266.01
295.971
246.526
239.726
267.494
274.722
258.411
248.985
317.705
305.201
260.562
320.122
234.089
234.615
265.469
251.038
272.548
280.442
264.071
257.366
294.116
269.245
279.895
261.521
305.586
280.406
255.744
269.668
289.3
243.191
245.113
356.024
260.676
266.237
295.396
301.309
310.443
