10.0229
9.78281
9.18156
8.38334
9.28375
11.1039
9.85597
11.8178
7.91639
11.3364
13.5468
10.8531
12.3687
9.25079
8.67149
9.55343
10.7049
9.37602
11.8122
10.7283
8.68026
10.591
7.96438
9.13929
9.68681
12.2002
9.938
8.73214
12.6905
11.4447
8.78162
12.6282
9.2757
9.61931
11.5145
11.6243
9.56142
10.8609
8.22945
10.4553
10.1698
12.823
16.8269
11.5145
13.8544
11.3656
9.31662
12.6882
9.05147
9.13318
11.1646
9.79518
8.99567
9.78822
9.29817
9.80693
11.1724
11.9444
10.8283
9.45939
13.2768
9.25114
8.81978
9.21326
11.1013
8.86141
10.0761
10.808
9.29044
9.39489
10.8273
12.3307
8.5813
8.7766
8.30254
8.6434
10.344
11.1139
11.7923
13.2814
9.72365
12.197
9.59854
9.42097
11.028
11.7852
8.87938
11.5741
12.6467
9.44995
8.36194
10.1626
10.1322
9.3346
9.77384
10.4818
12.0075
10.4421
10.6656
8.93894
9.0735
11.6754
14.4311
9.59601
10.0436
9.50878
10.4215
9.86846
10.1067
13.1742
7.95081
11.1979
11.6966
10.2197
10.3567
12.7684
13.3549
9.42814
12.1865
10.8142
10.4135
13.6942
9.72746
12.2174
8.58209
10.194
10.7343
11.4981
9.1171
11.3247
11.5909
12.2532
8.92483
10.6682
9.6831
12.2995
10.6942
8.54323
8.8589
13.1456
10.7181
10.6253
10.9507
9.1128
8.6257
11.7444
9.67742
12.0339
8.99261
10.115
13.0589
11.0219
10.9059
9.47973
10.7665
11.0927
9.26515
9.76058
11.2661
10.4014
10.8012
13.0862
9.58137
11.6351
9.66512
9.65681
10.3937
13.6929
9.03486
11.9425
10.5395
12.3333
11.7633
9.01735
8.41492
9.03369
8.97887
12.6581
11.0783
10.8534
9.25172
9.69934
10.2662
10.8493
11.7824
10.7914
10.4104
10.273
12.7172
9.3433
9.58609
9.52143
12.4409
9.86306
13.0075
8.30117
8.94156
9.97771
14.2052
9.52291
9.57901
12.388
10.038
10.611
8.02223
11.219
8.52704
8.43432
10.1413
10.4091
13.8321
12.7404
9.44358
8.78375
12.9943
13.4399
8.09681
11.5413
9.33339
9.97491
11.87
9.90442
11.0915
10.1548
11.6075
11.3115
12.5008
10.6841
12.1704
10.3646
9.64066
9.29516
8.49531
9.18875
8.62011
11.5235
11.2627
8.49132
13.7125
8.19844
9.52291
9.30038
8.36233
10.243
10.5767
11.1996
9.44477
9.62999
10.0553
10.5169
10.4016
11.7386
9.10848
10.3024
9.90059
10.739
11.0993
7.95506
8.36606
12.5243
10.1448
8.6921
8.75481
11.2663
10.7671
10.0598
8.11644
9.97399
11.2724
11.0248
9.01671
9.37075
9.17742
12.3981
9.7076
11.1346
8.64636
8.15291
9.46476
8.55493
11.4223
17.4721
8.75085
11.4868
10.1145
10.2687
13.7514
14.764
11.8484
11.4525
11.2438
9.15058
8.03836
8.5812
9.89348
10.4092
10.4539
11.5665
9.97801
10.1029
9.00259
10.5651
10.5934
10.4772
11.2255
12.4778
10.2487
10.6093
10.4326
8.67819
8.40146
14.0479
10.9912
8.34203
10.1213
11.4809
9.43483
9.99783
8.57408
8.90736
8.33594
10.9983
8.63387
8.74024
7.81749
9.06423
10.4543
9.95735
9.79523
10.7002
9.32815
10.0041
10.117
10.9562
12.0018
10.3174
8.72386
12.1154
8.94636
9.50726
11.0726
8.91841
9.09566
11.36
9.70839
9.57691
9.82304
10.1636
10.2544
15.9913
9.27645
13.1614
10.3316
9.97793
8.78548
9.6542
9.3133
14.3545
10.0437
11.1022
12.9654
8.82366
13.107
10.8266
8.49439
9.29641
11.7411
9.95794
9.99512
10.9194
11.0183
9.34748
10.7421
10.1404
9.48174
8.82728
9.61934
10.5501
10.1326
9.45694
10.2698
9.70504
10.8663
8.34193
10.7431
8.71107
11.6952
9.08646
8.52129
9.38099
9.23889
10.4175
9.80897
10.6866
11.5224
10.1842
10.8728
10.6043
8.98738
8.73697
8.51129
10.2444
9.85651
11.5656
12.6279
