819.347
810.607
885.262
844.547
724.782
765.325
782.599
784.848
783.679
742.069
834.081
870.009
837.709
734.559
800.264
810.003
885.584
719.683
659.079
751.548
707.627
916.681
864.604
717.701
760.567
818.488
939.474
813.219
691.349
833.129
678.621
628.234
843.735
770.413
770.986
883.764
718.857
676.903
701.518
819.116
773.8
818.453
703.223
712.398
805.003
742.179
695.912
813.295
741.606
861.819
729.036
1032.85
708.077
739.753
894.367
823.946
772.632
754.832
814.42
755.58
724.493
870.661
885.837
936.574
965.106
761.328
714.061
758.247
735.779
818.237
650.974
747.865
728.258
752.283
746.483
771.191
682.263
858.057
726.779
737.234
902.523
699.683
709.411
869.095
861.601
753.873
752.486
708.922
689.33
805.727
709.986
809.525
840.907
794.824
752.26
935.585
736.108
752.664
719.259
826.43
865.138
947.781
777.1
772.245
656.26
859.519
715.051
865.703
755.498
819.51
747.307
818.496
912.358
847.72
972.745
997.436
793.304
869.201
764.935
754.094
833.624
768.735
985.882
771.225
620.834
799.622
921.809
1087.87
900.515
756.876
602.08
898.056
800.912
814.651
704.084
873.095
758.599
834.346
918.522
679.251
949.649
875.924
758.809
741.808
870.693
784.7
682.785
806.161
973.173
784.04
736.965
829.883
818.389
748.413
787.977
852.55
778.828
809.554
774.085
788.947
856.883
809.049
679.509
683.979
829.82
861.993
741.121
803.232
856.804
979.642
707.659
782.526
854.824
766.943
869.897
867.601
704.201
747.097
980.634
846.08
879.031
723.628
803.246
903.355
888.496
1055.49
819.983
740.675
800.674
791.469
688.859
866.176
910.609
868.783
777.191
817.055
771.72
653.528
905.727
785.995
782.905
775.173
955.996
856.716
721.236
847.781
734.532
1047.75
835.209
745.243
714.288
741.545
779.585
1037.78
1001.15
658.173
763.125
781.881
746.497
734.011
779.568
808.706
763.83
698.159
705.208
861.432
934.472
814.282
752.541
679.266
914.725
670.63
704.189
687.845
649.762
795.71
808.488
814.895
731.797
847.225
857.575
750.171
893.501
788.484
754.057
754.523
720.911
751.159
921.073
748.003
810.327
811.049
846.555
805.041
942.157
733.745
696.309
706.796
957.201
693.001
676.589
692.631
889.478
767.446
667.248
669.963
998.217
688.562
957.137
674.963
799.916
739.536
833.809
918.273
773.578
797.13
944.706
880.685
809.894
771.257
761.959
884.761
743.677
805.193
709.805
925.873
697.544
872.545
741.168
658.067
832.577
813.381
829.354
783.341
888.907
725.602
895.826
868.23
970.239
759.768
797.064
799.372
578.053
751.279
922.893
871.326
690.681
807.107
756.084
781.746
653.142
771.484
749.867
735.776
903.62
840.531
800.009
776.948
821.713
728.966
951.06
717.938
797.671
794.004
653.799
765.564
809.868
981.326
779.892
794.065
766.357
824.224
872.86
717.745
872.912
901.946
1005.92
749.868
967.656
876.662
927.448
681.485
779.653
851.826
748.292
770.896
707.978
834.859
832.288
734.297
695.752
844.688
668.917
971.091
787.079
766.527
784.967
847.852
752.388
696.145
813.885
752.282
724.56
830.502
628.3
826.205
650.569
760.976
884.154
702.772
746.925
826.672
860.878
833.876
900.949
827.633
928.066
885.856
827.157
813.076
1064.72
747.723
879.042
777.481
819.11
748.744
829.024
735.906
885.402
693.556
998.54
792.669
807.031
736.473
711.144
858.49
748.233
786.238
851.837
873.952
858.663
778.784
821.275
780.381
669.388
900.479
787.395
879.914
763.488
862.984
784.322
815.32
755.104
763.126
708.584
779.563
920.429
686.288
839.528
725.967
828.779
849.909
707.492
749.787
709.136
769.136
716.052
741.686
869.016
1115.49
854.29
719.869
892.73
706.273
918.364
822.061
862.296
819.667
830.227
741.674
787.195
922.17
734.662
801.332
715.086
844.489
793.451
842.27
902.296
754.415
759.184
800.414
740.458
783.395
911.297
751.716
892.322
832.166
825.77
737.498
931.909
727.511
931.716
860.285
791.223
820.377
703.013
746.013
846.904
911.153
734.655
847.583
710.837
756.606
698.971
796.768
818.206
781.373
828.911
897.106
731.112
939.183
739.151
877.551
779.557
648.448
802.095
938.905
691.701
697.557
685.179
685.255
784.901
709.386
994.745
778.289
840.58
748
692.694
782.034
668.818
942.084
708.497
700.8
843.559
854.31
762.093
670.764
809.011
924.853
802.905
707.966
832.862
829.911
768.472
1075.1
761.744
764.098
694.271
980.881
781.468
685.336
935.754
858.311
661.737
769.356
806.432
803.228
839.203
890.515
700.326
898.985
765.425
799.922
807.771
880.431
646.691
784.144
964.225
780.257
809.012
822.004
774.094
780.86
850.683
831.319
844.133
769.563
840.09
952.522
746.536
737.493
860.878
838.509
774.036
731.141
779.162
674.859
681.358
881.384
951.708
758.105
819.717
785.494
752.284
791.676
847.81
698.486
847.587
711.648
745.957
808.274
953.024
929.799
746.964
826.493
771.69
652.351
851.262
913.301
713.286
893.281
945.964
698.349
768.179
760.45
799.002
718.627
824.698
856.41
873.531
755.5
770.652
832.345
853.753
907.452
729.838
1070.15
673.404
800.018
786.596
878.733
806.858
959.496
806.398
696.333
913.973
848.056
901.411
693.414
756.33
815.426
835.944
745.661
793.445
791.412
753.423
740.518
706.664
713.141
762.592
707.826
775.925
662.759
869.987
863.052
742.404
711.803
851.708
1062.72
825.236
869.762
750.416
757.582
771.735
682.69
755.286
831.014
984.295
904.97
746.627
649.912
752.792
932.12
771.324
870.712
745.761
760.609
814.085
665.176
936.39
921.791
920.555
817.777
822.017
717.895
889.225
1074.51
700.721
717.765
621.989
760.123
869.489
858.212
741.177
657.623
733.84
828.583
799.783
1016.86
679.449
773.308
699.421
847.358
823.588
753.893
853.128
884.542
888.951
780.189
747.33
832.74
1062.41
865.994
978.752
671.3
741.372
802.781
815.951
839.97
631.554
676.264
669.793
723.95
891.405
780.254
817.572
803.009
921.415
706.52
863.237
758.957
762.757
781.175
712.093
641.975
876.264
675.877
810.663
832.231
936.126
737.748
709.753
779.566
737.912
930.684
757.201
857.65
773.473
831.143
655.887
803.548
766.634
683.559
854.701
728.967
810.86
907.549
1005.71
996.999
821.042
735.348
805.769
926.918
738.764
857.148
810.618
798.171
937.123
837.529
802.515
661.043
708.649
746.405
908.951
1095.96
724.888
819.195
804.507
762.786
841.645
923.999
987.83
736.813
798.996
826.631
814.613
739.295
819.68
824.691
715.696
773.594
751.422
948.215
976.573
854.974
933.609
912.569
893.045
777.625
843.28
999.016
766.959
772.68
838.441
964.354
812.081
732.441
890.18
668.841
801.293
772.557
938.34
972.189
731.461
789.069
690.314
736.669
785.345
734.404
905.822
843.083
924.805
925.808
859.91
799.172
829.102
883.757
720.49
773.143
884.622
817.888
802.704
737.863
778.959
965.695
726.945
933.811
717.106
714.613
750.523
718.999
764.36
724.684
800.756
805.539
748.4
768.659
728.754
1054.82
724.655
711.564
776.142
750.623
963.52
810.524
919.848
881.559
679.928
1024.21
721.999
775.26
826.868
858.687
711.008
800.886
795.01
820.201
948.973
811.594
849.451
908.577
780.522
920.858
858.342
762.676
662.645
702.525
803.759
822.301
776.29
726.546
729.194
751.643
711.542
820.548
844.465
749.38
711.4
878.66
602.77
878.861
653.012
811.959
750.613
766.155
718.299
708.734
720.469
611.966
831.328
757.485
729.809
697.623
774.105
983.108
779.488
728.095
737.014
743.716
784.324
859.091
642.519
713.034
805.165
781.077
801.255
722.476
823.637
850.974
817.176
847.221
820.249
821.948
741.006
728.588
729.476
727.366
944.041
768.569
757.377
704.741
937.326
859.457
1029.59
768.516
799.565
831.986
747.681
838.523
758.794
786.041
743.607
815.393
723.278
812.774
670.495
755.3
730.027
763.138
713.919
886.234
788.47
703.518
731.122
781.667
857.278
794.956
760.869
790.572
996.486
901.234
895.281
752.377
637.135
708.262
821.956
716.041
744.049
664.611
996.437
714.578
696.935
784.074
835.971
688.78
722.535
826.653
826.241
698.541
745.339
792.828
945.831
718.249
790.409
952.867
991.021
1032.29
861.217
817.907
745.575
881.631
779.314
719.713
749.789
738.355
763.896
783.754
775.45
951.958
821.693
832.55
942.567
788.47
932.662
787.589
779.672
842.869
784.492
873.108
903.079
841.968
938.938
661.652
798.2
812.039
719.975
958.716
695.08
751.973
882.309
631.45
961.421
763.713
743.031
719.497
936.733
777.934
724.317
740.23
